T42_L40: mean PSF ((P(I,J),I=1,128),J=1, 64), YEAR 2000 2006  DAY   1   0
  681.30  679.99  678.69  677.38  676.08  674.79  673.51  672.24  670.99  669.76
  668.55  667.38  666.23  665.11  664.04  663.00  662.00  661.05  660.14  659.28
  658.47  657.70  656.98  656.30  655.67  655.07  654.51  653.99  653.50  653.05
  652.62  652.23  651.86  651.53  651.22  650.95  650.72  650.54  650.40  650.31
  650.29  650.34  650.47  650.68  650.98  651.38  651.89  652.52  653.27  654.14
  655.13  656.26  657.51  658.89  660.39  662.01  663.73  665.56  667.47  669.46
  671.51  673.61  675.74  677.89  680.03  682.15  684.24  686.27  688.23  690.11
  691.89  693.56  695.11  696.53  697.82  698.97  699.99  700.86  701.61  702.23
  702.72  703.11  703.40  703.60  703.72  703.78  703.79  703.76  703.71  703.64
  703.56  703.49  703.41  703.35  703.30  703.27  703.24  703.22  703.20  703.18
  703.15  703.09  703.01  702.90  702.74  702.53  702.26  701.93  701.53  701.06
  700.52  699.90  699.21  698.44  697.61  696.71  695.75  694.73  693.66  692.55
  691.39  690.21  688.99  687.74  686.48  685.20  683.91  682.61  721.91  717.94
  713.96  709.90  705.73  701.42  696.96  692.34  687.60  682.76  677.88  673.02
  668.24  663.63  659.24  655.16  651.45  648.15  645.31  642.97  641.13  639.81
  638.99  638.65  638.76  639.27  640.14  641.31  642.71  644.28  645.96  647.68
  649.40  651.05  652.62  654.06  655.37  656.56  657.65  658.66  659.66  660.69
  661.84  663.18  664.80  666.76  669.16  672.06  675.53  679.61  684.35  689.77
  695.88  702.67  710.13  718.20  726.84  735.99  745.55  755.44  765.55  775.77
  785.99  796.09  805.92  815.37  824.30  832.59  840.11  846.75  852.40  856.97
  860.39  862.59  863.55  863.28  861.79  859.16  855.47  850.84  845.43  839.38
  832.90  826.16  819.37  812.72  806.39  800.55  795.34  790.90  787.31  784.66
  782.97  782.25  782.48  783.61  785.53  788.14  791.29  794.82  798.56  802.32
  805.90  809.14  811.85  813.90  815.17  815.56  815.04  813.58  811.21  808.00
  804.01  799.38  794.21  788.65  782.82  776.86  770.87  764.97  759.23  753.71
  748.46  743.47  738.76  734.29  730.02  725.92  744.22  739.51  734.66  729.41
  723.53  716.86  709.29  700.83  691.54  681.56  671.10  660.43  649.80  639.51
  629.79  620.87  612.91  606.03  600.27  595.65  592.14  589.69  588.23  587.68
  587.97  589.05  590.85  593.32  596.43  600.11  604.29  608.88  613.76  618.80
  623.87  628.83  633.57  638.02  642.15  645.98  649.60  653.15  656.81  660.79
  665.32  670.63  676.94  684.45  693.31  703.65  715.56  729.07  744.14  760.71
  778.61  797.66  817.58  838.05  858.73  879.23  899.19  918.25  936.09  952.48
  967.20  980.13  991.19 1000.30 1007.43 1012.53 1015.53 1016.35 1014.91 1011.13
 1004.97  996.41  985.55  972.54  957.64  941.19  923.60  905.32  886.84  868.66
  851.23  835.01  820.39  807.72  797.30  789.37  784.12  781.69  782.16  785.56
  791.82  800.84  812.38  826.15  841.73  858.62  876.23  893.86  910.81  926.35
  939.77  950.47  957.94  961.86  962.10  958.69  951.88  942.05  929.71  915.44
  899.83  883.48  866.95  850.70  835.14  820.56  807.19  795.15  784.50  775.21
  767.19  760.30  754.34  749.06  719.28  710.91  703.63  697.07  690.84  684.54
  677.84  670.51  662.49  653.84  644.83  635.82  627.25  619.58  613.24  608.50
  605.53  604.26  604.47  605.72  607.49  609.16  610.18  610.13  608.81  606.30
  602.91  599.19  595.74  593.20  592.06  592.66  595.07  599.19  604.67  611.05
  617.81  624.47  630.67  636.21  641.10  645.50  649.74  654.18  659.23  665.27
  672.60  681.50  692.17  704.81  719.57  736.60  755.99  777.80  801.92  828.11
  855.86  884.46  912.94  940.18  964.98  986.28 1003.26 1015.47 1022.90 1025.97
 1025.34 1021.87 1016.34 1009.43 1001.51  992.75  983.04  972.16  959.84  945.89
  930.27  913.16  894.92  876.08  857.23  839.00  821.92  806.42  792.80  781.25
  771.85  764.64  759.64  756.90  756.50  758.57  763.28  770.80  781.27  794.77
  811.29  830.64  852.49  876.33  901.45  927.01  952.02  975.44  996.21 1013.37
 1026.14 1033.95 1036.52 1033.92 1026.49 1014.81  999.65  981.84  962.20  941.47
  920.24  898.95  877.94  857.42  837.55  818.46  800.30  783.24  767.45  753.08
  740.25  729.01  670.19  651.92  637.84  627.61  620.68  616.29  613.65  611.98
  610.59  609.03  607.11  604.97  603.07  602.16  603.13  606.89  614.19  625.41
  640.37  658.21  677.29  695.33  709.70  717.94  718.45  710.92  696.51  677.57
  657.05  637.83  622.26  611.80  607.02  607.62  612.65  620.64  629.96  639.04
  646.72  652.39  656.05  658.18  659.52  660.88  662.87  665.89  670.06  675.32
  681.56  688.74  697.04  706.89  718.98  734.15  753.21  776.72  804.81  836.94
  871.78  907.24  940.72  969.46  991.15 1004.45 1009.28 1006.83  999.12  988.52
  977.20  966.66  957.63  950.00  943.02  935.63  926.76  915.67  902.18  886.73
  870.28  854.11  839.55  827.69  819.30  814.64  813.52  815.34  819.20  824.11
  829.11  833.50  836.93  839.46  841.48  843.57  846.41  850.55  856.36  864.00
  873.37  884.25  896.31  909.23  922.69  936.38  949.95  963.01  975.01  985.36
  993.45  998.76 1001.00 1000.18  996.57  990.62  982.80  973.43  962.53  949.81
  934.73  916.66  895.11  869.98  841.65  811.02  779.39  748.23  718.93  692.65
  712.87  690.09  673.35  662.31  656.31  654.47  655.73  658.89  662.55  665.28
  665.74  663.00  656.87  648.14  638.54  630.58  627.00  630.33  642.36  663.65
  693.15  727.72  762.19  790.03  804.98  803.11  784.42  752.91  715.02  677.58
  646.05  623.74  611.83  609.68  615.34  625.97  638.37  649.65  657.77  661.93
  662.52  660.73  658.10  656.00  655.40  656.72  659.91  664.52  669.93  675.56
  681.15  686.90  693.63  702.67  715.64  734.16  759.35  791.50  829.66  871.46
  913.29  950.85  980.16  998.71 1006.17 1004.49  997.14  988.07  980.64  976.94
  977.51  981.46  986.82  991.14  992.18  988.53  979.94  967.39  952.73  938.26
  926.18  918.18  915.26  917.53  924.31  934.18  945.22  955.37  962.78  966.27
  965.51  961.10  954.28  946.53  939.16  932.96  928.07  924.10  920.35  916.23
  911.57  906.82  902.99  901.39  903.25  909.27  919.42  932.79  947.75  962.31
  974.64  983.58  988.90  991.26  991.82  991.72  991.48  990.72  988.12  981.69
  969.42  949.90  922.89  889.48  851.91  812.98  775.45  741.58  882.45  869.90
  860.67  854.46  850.99  850.12  851.71  855.37  860.08  863.92  864.10  857.46
  841.50  815.59  781.76  744.56  709.92  683.77  670.82  673.92  693.73  728.22
  772.14  816.93  852.05  868.03  860.26  830.92  787.92  741.29  699.79  668.97
  650.98  645.18  649.00  658.76  670.55  681.10  688.39  691.86  691.98  689.75
  686.20  682.31  679.02  677.37  678.44  683.14  691.88  704.35  719.50  735.87
  752.14  767.75  783.25  800.06  819.97  844.29  873.14  905.04  937.01  965.20
  986.02  997.34  999.27  994.13  985.65  977.70  973.31  973.93  979.37  988.02
  997.54 1005.54 1010.31 1011.20 1008.60 1003.62  997.65  991.99  987.67  985.34
  985.31  987.50  991.48  996.43 1001.23 1004.59 1005.42 1003.11  997.88  990.78
  983.45  977.64  974.59  974.56  976.63  978.83  978.72  974.28  964.80  951.31
  936.46  923.76  916.50  916.91  925.50  940.92  960.13  979.14  994.09 1002.46
 1003.82  999.90  993.73  988.53  986.56  988.54  993.44  998.92 1002.07 1000.31
  992.26  978.09  959.35  938.34  917.42  898.42 1008.09 1010.10 1010.94 1010.24
 1008.01 1004.83 1001.74 1000.00 1000.58 1003.43 1006.97 1007.88 1001.82  984.93
  955.78  916.68  873.44  833.63  804.45  791.05  795.86  818.19  854.04  896.10
  934.58  959.62  964.58  948.61  916.79  877.67  839.91  809.79  790.22  781.04
  779.95  783.68  789.36  795.34  801.30  807.62  814.24  819.97  822.61  820.15
  812.19  800.85  790.36  785.53  790.04  805.19  829.45  858.84  888.20  913.00
  930.95  942.49  949.97  956.16  962.94  970.72  978.65  985.21  989.01  989.33
  986.44  981.48  976.16  972.11  970.38  971.00  972.98  974.80  975.18  973.72
  971.19  969.07  968.79  971.00  975.33  980.57  985.21  988.03  988.56  987.11
  984.57  981.97  980.13  979.28  979.11  978.93  978.16  976.75  975.40  975.35
  977.81  983.36  991.35  999.84 1006.00 1007.05 1001.40  989.51  974.01  958.90
  948.27  945.04  950.14  962.22  978.03  993.25 1003.90 1007.58 1004.24  996.01
  986.21  978.15  974.10  974.77  979.34  985.93  992.42  997.25  999.90 1000.87
 1001.18 1001.83 1003.33 1005.59  988.05  987.85  987.39  987.34  987.67  987.68
  986.52  984.00  980.99  979.19  980.25  984.74  991.54  997.91 1000.59  997.30
  987.99  975.08  962.44  953.88  951.88  956.96  967.78  981.60  995.12 1005.23
 1009.75 1007.83 1000.18  988.75  976.21  965.05  956.76  951.42  947.91  944.82
  941.58  939.22  939.98  946.02  957.63  972.19  984.44  988.64  981.76  965.65
  946.51  931.99  927.81  935.72  953.13  974.35  993.05 1004.93 1009.18 1007.94
 1004.34 1000.61  997.39  994.29  990.90  987.55  985.07  984.19  984.89  986.49
  988.21  989.72  991.19  992.62  993.39  992.33  988.68  982.95  977.06  973.36
  973.28  976.56  981.48  985.89  988.27  988.22  986.22  983.13  979.87  977.33
  976.35  977.43  980.38  984.27  987.67  989.39  989.03  987.16  985.02  983.89
  984.50  986.77  989.74  991.91  991.81  988.64  982.85  976.05  970.53  968.19
  969.79  974.55  980.61  985.89  988.97  989.56  988.32  986.32  984.59  983.88
  984.40  985.81  987.20  987.51  986.14  983.41  980.54  978.97  979.52  981.89
  984.87  987.15  973.25  967.78  964.11  963.91  967.24  972.48  977.09  978.82
  976.81  972.09  967.03  964.21  965.18  969.93  977.07  984.73  991.47  996.69
 1000.44 1002.76 1003.30 1001.43  996.83  990.11  982.89  977.36  975.31  977.40
  982.82  989.70  995.97 1000.29 1002.45 1002.91 1002.08  999.92  996.24  991.50
  987.25  985.66  988.30  994.89 1002.94 1008.83 1009.85 1005.97  999.95  995.64
  995.50  999.08 1003.33 1004.47 1000.46  992.38  983.78  978.45  978.27  982.27
  987.28  989.94  988.91  985.63  983.10  983.56  986.79  990.39  991.82  990.64
  988.81  988.87  991.63  995.43  997.72  997.47  996.07  995.84  997.63  999.88
  999.94  996.60  991.35  987.15  986.08  987.90  990.64  992.36  992.64  992.37
  992.61  993.56  994.50  994.60  993.52  991.50  988.94  986.14  983.44  981.42
  980.81  982.04  984.70  987.64  989.57  990.00  989.51  989.22  989.77  990.66
  990.77  989.47  987.43  986.22  987.02  989.65  992.81  995.17  996.28  996.44
  995.84  994.06  990.64  985.97  981.54  979.02  978.94  980.12  980.37  978.05
  996.32  994.47  993.23  992.81  993.06  993.84  995.02  996.20  996.75  996.20
  994.62  992.56  990.49  988.49  986.23  983.47  980.43  977.86  976.53  976.77
  978.23  980.07  981.29  981.12  979.30  976.31  973.34  971.76  972.32  974.49
  976.73  977.53  976.63  975.23  975.05  976.92  980.12  982.74  983.00  980.34
  975.75  971.14  968.25  967.87  969.88  973.63  978.49  983.79  988.55  991.41
  991.19  987.78  982.51  977.65  975.29  976.55  981.14  987.52  993.24  995.84
  994.35  990.29  987.05  987.38  990.98  994.22  993.11  987.13  980.23  977.55
  980.90  987.10  990.94  990.09  987.20  986.84  990.54  995.05  995.56  990.74
  984.39  981.98  985.70  992.77  998.07  998.47  994.98  990.90  988.56  987.91
  987.63  987.15  987.25  988.90  991.89  994.70  995.79  995.03  993.75  993.62
  995.18  997.39  998.37  997.08  994.32  992.31  992.76  995.28  997.53  997.48
  995.45  993.81  994.42  996.51  997.34  995.12  991.01  988.09  988.28  990.69
  992.75  992.92  991.98  991.90  993.66  996.31  998.07  997.92  989.13  992.34
  995.54  995.88  992.51  987.25  983.04  981.75  983.28  986.32  989.50  992.04
  993.62  994.07  993.40  991.90  990.08  988.34  986.78  985.32  984.17  984.20
  986.45  991.07  996.46  999.90  999.48  995.70  991.00  987.64  985.95  984.63
  982.47  979.68  977.69  977.94  980.78  985.28  989.65  992.11  991.80  989.31
  986.33  984.55  984.62  985.96  987.36  987.86  987.12  985.57  984.44  985.45
  989.86  997.01 1003.94 1007.14 1005.37 1000.89  997.39  996.54  996.91  996.15
  994.28  993.96  997.28 1002.52 1005.07 1002.22  996.67  994.29  997.86 1003.63
 1004.60  998.06  988.99  985.23  989.55  997.05 1000.29  997.06  992.30  992.14
  997.21 1002.21 1001.64  995.64  989.55  988.34  992.07  996.57  997.93  996.04
  994.00  994.37  996.85  999.10  999.42  998.18  996.92  996.73  997.55  998.56
  998.60  996.73  993.18  989.98  989.80  993.30  997.74  999.27  996.99  994.10
  994.19  996.91  998.23  995.21  989.80  986.80  988.71  993.20  995.91  994.98
  992.33  990.67  990.50  990.31  989.14  988.12  983.65  986.16  989.33  990.26
  988.83  987.20  987.30  988.95  990.45  990.54  989.46  988.32  987.81  987.97
  988.80  990.64  993.84  998.15 1002.35 1004.59 1003.29  998.63  993.08  989.88
  990.33  992.66  993.89  992.95  991.47  991.61  993.62  996.04  997.45  997.63
  996.80  994.96  992.26  989.76  988.88  990.20  992.94  995.85  998.32 1000.40
 1001.96 1002.43 1001.55  999.95  998.59  997.75  997.21  997.33  999.29 1003.35
 1007.20 1007.01 1001.34  993.69  990.12  993.74 1001.38 1006.15 1004.07  998.18
  995.28  998.65 1004.80 1007.43 1004.73 1001.43 1002.86 1008.35 1011.57 1008.19
 1001.53  999.03 1003.43 1009.48 1010.07 1004.71  999.89 1000.87 1005.48 1006.87
 1001.87  994.82  992.74  997.96 1005.92 1009.86 1007.35 1002.02  999.01  999.61
 1000.73  999.38  996.55  995.73  997.93  999.94  998.37  994.37  992.59  995.30
  999.64 1001.57 1001.11 1001.56 1003.87 1004.72 1001.38  996.50  995.30  998.86
 1002.57 1002.11  998.95  997.93 1000.49 1002.69 1000.50  995.15  991.58  992.23
  994.39  993.70  989.35  984.78 1003.79 1004.33 1003.46 1001.68 1001.16 1003.35
 1007.28 1010.18 1009.82 1006.72 1003.58 1002.50 1003.09 1003.59 1002.93 1001.22
  998.93  996.78  996.10  997.79 1000.53 1001.25  998.40  993.99  991.32  991.26
  992.06  992.37  992.80  993.98  994.77  993.81  992.10  992.15  994.57  996.86
  996.19  992.79  989.46  988.34  989.14  990.32  991.15  992.00  993.01  993.65
  993.85  995.01  998.65 1003.92 1007.36 1006.05 1000.92  996.11  994.96  997.21
 1000.02 1001.43 1002.43 1005.40 1010.53 1014.23 1012.17 1004.56  997.24  996.22
 1001.31 1005.95 1004.31  997.99  993.98  996.32 1001.80 1004.52 1003.50 1003.03
 1005.54 1007.51 1004.65  998.97  996.94 1000.89 1005.78 1005.78 1001.83  999.99
 1003.47 1008.89 1010.30 1005.63  998.72  995.65  999.17 1005.85 1008.87 1005.27
 1000.29 1002.00 1010.66 1015.66 1006.42  986.95  973.76  978.35  995.30 1008.65
 1009.77 1005.00 1003.95 1006.92 1007.71 1004.55 1002.27 1003.89 1006.01 1004.54
 1001.42 1001.53 1004.88 1006.03 1001.89  996.63  996.48 1001.91 1007.37 1008.28
 1005.72 1003.68 1008.78 1008.65 1005.39 1002.87 1002.71 1003.62 1004.00 1003.22
 1001.50 1000.12 1000.91 1004.13 1007.55 1009.18 1009.78 1010.74 1010.68 1007.00
 1000.99  997.94 1001.02 1007.16 1010.96 1011.07 1010.30 1010.30 1009.66 1007.53
 1005.71 1005.51 1004.84 1001.13  995.89  993.45  995.49  999.18 1001.24 1001.72
 1002.73 1004.77 1006.01 1004.96 1002.51 1000.87 1001.06 1001.87 1001.53 1000.31
 1000.51 1003.56 1007.79 1009.86 1008.30 1005.09 1004.03 1007.70 1014.79 1019.85
 1017.52 1008.84 1001.69 1002.80 1010.22 1015.51 1013.78 1009.12 1008.38 1012.19
 1014.71 1011.86 1006.83 1005.44 1008.13 1009.83 1007.69 1005.02 1005.45 1007.00
 1005.94 1003.94 1005.71 1010.46 1011.88 1007.94 1004.77 1007.49 1012.47 1012.51
 1006.95 1001.74 1001.29 1004.88 1009.90 1014.19 1014.80 1009.58 1002.58 1003.08
 1014.13 1022.95 1010.71  977.82  949.82  950.95  978.97 1007.32 1013.98 1004.92
  999.64 1004.37 1010.00 1009.54 1006.83 1006.98 1007.91 1005.56 1001.88 1001.93
 1005.52 1007.29 1004.98 1002.73 1004.24 1006.87 1005.88 1002.19 1001.21 1004.84
 1007.28 1004.04 1001.82 1004.67 1008.56 1008.28 1005.26 1004.16 1005.88 1008.07
 1009.72 1010.75 1009.43 1004.96 1001.55 1004.62 1013.04 1019.17 1018.25 1014.01
 1012.36 1013.34 1012.94 1010.50 1009.54 1011.23 1012.04 1009.54 1006.72 1007.42
 1010.49 1011.83 1010.66 1009.52 1009.27 1008.03 1005.51 1004.32 1006.08 1008.85
 1009.89 1008.96 1007.95 1008.50 1011.04 1014.45 1016.34 1014.95 1011.06 1007.39
 1006.27 1008.49 1012.91 1016.22 1015.46 1012.34 1011.80 1013.84 1010.89  998.47
  985.31  985.37 1000.94 1018.45 1023.04 1014.95 1006.79 1007.45 1013.91 1017.71
 1016.27 1014.47 1015.67 1016.40 1013.13 1009.53 1010.94 1015.07 1015.67 1013.51
 1014.42 1017.40 1015.40 1008.87 1007.14 1012.88 1016.49 1011.33 1005.42 1009.08
 1018.74 1021.81 1015.08 1008.50 1009.66 1013.18 1010.33 1004.67 1008.27 1019.83
 1017.10  984.85  944.62  934.20  964.21 1005.96 1023.27 1014.92 1006.22 1009.17
 1014.12 1012.22 1008.16 1008.77 1012.10 1012.73 1010.69 1009.78 1010.69 1010.72
 1009.41 1009.69 1011.97 1011.62 1005.92  999.97 1000.37 1005.37 1017.60 1011.89
 1011.73 1018.11 1022.14 1018.69 1014.22 1015.77 1020.24 1020.72 1018.05 1017.95
 1020.27 1019.30 1013.87 1009.88 1011.70 1016.49 1018.91 1018.01 1016.54 1015.35
 1012.59 1008.54 1006.97 1009.69 1012.90 1012.33 1009.45 1008.65 1010.36 1011.60
 1011.68 1012.36 1013.16 1011.66 1008.47 1006.95 1007.48 1007.02 1004.90 1004.20
 1006.16 1008.07 1008.10 1008.06 1009.96 1013.19 1015.67 1015.18 1010.77 1005.66
 1005.85 1011.74 1015.17 1010.70 1005.05 1006.55 1010.39 1005.04  991.82  985.30
  993.52 1007.99 1015.19 1012.14 1006.55 1005.70 1009.28 1011.52 1009.38 1007.11
 1009.51 1013.42 1012.75 1010.01 1012.25 1017.09 1015.66 1009.36 1008.44 1013.38
 1014.12 1009.58 1010.16 1017.39 1019.24 1011.55 1007.09 1014.60 1023.96 1020.76
 1007.70 1000.90 1009.36 1024.04 1027.01 1014.70 1006.61 1018.21 1030.39 1007.19
  954.91  924.59  946.48  995.65 1023.51 1019.23 1010.87 1013.75 1017.81 1014.83
 1010.66 1011.14 1014.12 1015.88 1015.90 1015.05 1013.97 1012.77 1011.58 1011.60
 1013.68 1015.76 1015.51 1015.11 1017.74 1020.39 1017.93 1016.64 1017.55 1019.89
 1018.60 1013.43 1011.29 1015.36 1018.58 1013.84 1005.81 1004.92 1013.55 1024.10
 1028.27 1024.52 1017.62 1013.43 1013.66 1015.59 1017.17 1019.48 1022.57 1023.68
 1022.08 1020.90 1021.66 1021.91 1020.23 1018.37 1016.97 1014.36 1011.07 1010.30
 1012.46 1014.41 1015.03 1016.38 1018.12 1017.16 1014.43 1014.92 1018.93 1020.30
 1015.87 1009.80 1006.97 1008.77 1014.92 1021.54 1019.92 1007.65  997.32 1001.82
 1015.36 1021.38 1017.46 1016.01 1020.51 1019.83 1008.61  996.76  994.23  999.95
 1008.39 1016.04 1020.10 1019.50 1017.47 1016.40 1014.18 1011.15 1012.36 1016.93
 1016.92 1012.36 1012.42 1017.10 1016.02 1009.56 1009.93 1017.72 1019.96 1014.76
 1013.98 1019.30 1019.84 1014.54 1013.63 1017.71 1017.58 1013.22 1012.88 1016.88
 1020.29 1023.61 1024.93 1016.64 1006.50 1015.94 1036.54 1021.58  960.98  915.69
  933.25  988.38 1019.44 1013.50 1006.51 1012.62 1017.03 1014.98 1014.74 1016.04
 1014.33 1012.72 1013.90 1014.53 1014.28 1016.01 1017.33 1014.75 1012.12 1014.04
 1017.60 1018.57 1018.25 1018.51 1016.70 1020.04 1018.37 1015.03 1014.03 1015.46
 1017.56 1019.77 1021.82 1022.94 1022.16 1018.18 1011.98 1009.56 1014.99 1022.06
 1022.59 1019.80 1021.15 1023.86 1021.80 1018.98 1021.92 1026.39 1024.88 1019.83
 1018.16 1019.75 1020.52 1020.55 1021.84 1022.82 1021.34 1019.39 1019.56 1020.15
 1018.81 1017.49 1018.48 1019.52 1018.41 1017.56 1018.87 1020.04 1020.25 1021.62
 1022.28 1018.49 1014.57 1016.81 1017.96 1006.10  989.51  989.75 1009.03 1025.09
 1023.55 1016.18 1016.18 1018.71 1015.37 1009.26 1006.27 1006.43 1009.71 1016.59
 1021.14 1018.02 1014.05 1017.30 1021.93 1019.95 1017.12 1019.69 1020.62 1015.49
 1013.68 1018.93 1021.00 1017.31 1018.07 1023.22 1021.67 1015.29 1015.26 1018.74
 1016.76 1015.45 1021.79 1024.05 1014.47 1011.04 1025.77 1036.34 1022.61 1006.55
 1012.36 1022.29 1015.41 1014.01 1031.91 1022.80  958.92  906.37  927.78  992.28
 1021.22 1008.61 1006.16 1019.05 1019.23 1011.86 1016.03 1022.03 1017.57 1014.02
 1017.74 1018.16 1014.89 1018.11 1023.81 1021.24 1015.43 1016.37 1019.77 1017.09
 1011.64 1011.61 1026.39 1027.08 1021.46 1017.91 1023.35 1028.94 1020.71 1001.75
  990.16  999.04 1023.49 1041.03 1033.47 1013.41 1007.48 1017.48 1023.65 1021.28
 1022.94 1028.23 1025.27 1016.81 1015.13 1019.21 1019.72 1017.24 1018.22 1021.33
 1021.01 1018.33 1018.79 1022.58 1024.33 1022.43 1021.12 1021.49 1019.26 1014.79
 1014.24 1017.41 1016.25 1008.45 1001.07 1000.10 1006.73 1019.13 1028.63 1024.06
 1009.39 1001.40 1002.73  997.41  981.89  976.61  993.32 1014.07 1017.60 1010.44
 1010.23 1016.64 1019.22 1017.82 1017.46 1016.35 1013.31 1012.81 1013.82 1010.40
 1007.02 1012.23 1019.26 1016.50 1010.65 1013.36 1018.24 1015.97 1013.72 1017.55
 1019.26 1016.02 1015.96 1017.78 1014.32 1012.37 1019.07 1022.72 1015.54 1012.95
 1023.15 1027.57 1016.36 1011.00 1024.05 1031.39 1015.15 1003.70 1022.68 1041.69
 1025.00 1007.40 1026.74 1029.89  959.19  888.20  907.07  984.70 1017.32  999.60
 1004.58 1028.98 1024.50 1007.45 1013.64 1024.05 1017.33 1014.63 1024.55 1024.82
 1014.67 1014.89 1022.79 1022.46 1018.49 1021.63 1026.29 1024.51 1020.70 1021.81
 1024.88 1022.78 1018.46 1018.93 1027.50 1025.97  996.15  948.98  909.82  899.44
  930.38  988.88 1029.39 1029.12 1019.29 1023.48 1025.68 1016.39 1012.80 1020.66
 1025.61 1023.45 1022.97 1025.20 1025.60 1025.40 1026.88 1028.01 1026.43 1022.59
 1019.52 1019.83 1020.69 1018.34 1016.90 1020.68 1023.29 1019.94 1018.93 1023.55
 1020.37 1002.97  986.49  984.42  992.85 1003.19 1010.97 1010.75 1001.84  995.52
  998.37  997.79  983.68  972.26  983.60 1008.62 1021.13 1017.35 1015.38 1020.01
 1020.08 1014.94 1014.51 1017.64 1016.65 1015.14 1018.67 1020.96 1017.90 1016.66
 1018.39 1015.71 1011.79 1015.01 1019.64 1017.63 1015.46 1017.66 1016.89 1013.49
 1015.65 1018.72 1015.55 1015.30 1023.13 1025.34 1017.31 1013.96 1019.81 1023.29
 1020.91 1019.21 1019.62 1019.04 1017.32 1020.65 1033.37 1037.31 1013.33  997.13
 1030.49 1051.59  966.92  859.17  863.94  965.78 1023.42  998.04  990.82 1017.32
 1017.44 1003.52 1016.04 1027.11 1012.60 1007.74 1023.60 1026.87 1015.51 1015.40
 1022.46 1020.98 1018.06 1020.87 1022.98 1023.03 1024.39 1025.35 1017.78 1018.57
 1017.06 1018.63 1024.52 1010.73  968.45  920.82  876.88  841.18  849.16  921.25
 1005.08 1030.90 1018.32 1017.90 1025.05 1020.99 1015.92 1018.62 1022.13 1024.47
 1026.79 1025.52 1022.89 1023.35 1022.61 1019.47 1020.96 1025.25 1024.44 1022.33
 1023.88 1023.02 1019.46 1021.58 1025.02 1020.61 1017.57 1023.08 1018.07  990.07
  963.26  961.50  974.54  981.10  981.38  986.22  995.32 1003.35 1008.60 1005.50
  989.06  973.11  979.78 1006.55 1024.92 1021.38 1014.16 1016.06 1016.77 1011.23
 1010.93 1017.40 1018.27 1014.21 1016.66 1022.15 1020.18 1015.53 1016.45 1018.88
 1019.17 1020.08 1019.51 1015.89 1016.04 1019.91 1018.65 1015.64 1019.86 1024.02
 1020.18 1017.22 1018.84 1017.60 1017.49 1022.62 1020.78 1014.17 1021.36 1031.04
 1021.55 1014.59 1028.06 1031.54 1015.82 1012.21 1014.24 1008.18 1031.79 1058.99
  971.14  824.17  801.94  932.86 1047.16 1019.22  971.65  978.83  989.73  994.89
 1021.43 1035.46 1015.17 1006.32 1021.19 1024.14 1016.65 1021.36 1026.37 1021.36
 1020.21 1022.63 1019.31 1017.70 1020.67 1019.75 1022.45 1025.46 1020.49 1021.56
 1026.00  993.03  934.14  905.92  898.92  872.00  862.70  923.72 1009.12 1031.67
 1009.04 1003.06 1013.73 1021.41 1026.45 1025.13 1016.35 1014.68 1019.93 1017.61
 1013.80 1019.13 1021.35 1015.00 1015.97 1023.94 1022.86 1018.27 1022.71 1025.89
 1020.29 1018.40 1020.82 1015.52 1011.07 1018.53 1015.71  982.13  945.01  938.79
  954.66  961.11  954.86  959.09  981.04 1002.49 1007.34  997.77  983.39  974.74
  982.45 1004.17 1019.48 1016.17 1009.04 1012.68 1018.50 1016.55 1014.78 1018.21
 1017.24 1010.36 1008.48 1011.64 1011.20 1009.85 1013.38 1016.57 1015.56 1014.69
 1014.14 1012.47 1014.33 1018.55 1017.27 1014.15 1016.55 1017.93 1014.86 1016.07
 1017.87 1012.56 1015.08 1028.72 1025.01 1008.39 1016.49 1032.62 1018.08 1009.16
 1033.42 1031.32  997.23 1011.94 1051.87 1025.50  999.61 1039.86  991.34  808.06
  728.92  857.03 1038.09 1040.34  962.04  946.75  961.50  975.67 1008.64 1031.93
 1021.06 1014.97 1023.84 1020.06 1014.44 1022.87 1024.71 1017.63 1021.53 1027.45
 1023.18 1021.86 1024.46 1021.83 1022.78 1024.02 1013.66 1020.08 1028.39  971.18
  885.08  866.71  900.75  904.60  896.54  943.00 1011.73 1031.73 1017.07 1002.34
  987.18  987.37 1013.15 1028.63 1016.76 1012.28 1023.46 1023.07 1015.75 1022.25
 1028.86 1021.96 1018.54 1022.75 1018.55 1011.79 1016.55 1020.87 1015.28 1014.27
 1020.12 1017.91 1012.87 1018.33 1018.59  993.75  962.05  952.55  960.55  958.76
  943.46  941.36  965.72  992.65  994.17  979.13  974.23  985.90 1002.03 1013.10
 1017.04 1014.98 1012.35 1014.45 1017.71 1016.14 1012.87 1013.08 1014.33 1014.29
 1015.13 1015.79 1014.59 1015.17 1017.28 1014.83 1010.35 1011.82 1016.12 1016.05
 1014.72 1015.58 1014.95 1013.79 1015.33 1014.30 1011.42 1017.63 1025.58 1018.37
 1011.15 1021.46 1025.32 1012.58 1016.32 1029.79 1015.38 1005.70 1031.48 1030.62
  997.50 1023.27 1066.69 1006.29  958.95 1050.91 1067.36  835.53  678.71  772.76
  989.42 1041.62  970.46  950.85  956.51  950.47  970.26 1004.48 1015.27 1018.85
 1024.56 1017.70 1013.93 1022.30 1020.94 1014.10 1019.85 1024.18 1019.86 1021.88
 1024.19 1019.89 1017.15 1017.79 1007.15 1016.85 1020.71  950.05  863.02  857.73
  902.08  906.53  895.23  929.77  982.91 1014.07 1029.05 1011.22  959.89  944.28
  991.04 1030.68 1020.82 1011.35 1024.28 1026.07 1014.41 1014.88 1020.70 1016.68
 1014.34 1019.33 1019.25 1015.92 1018.69 1019.79 1014.88 1015.40 1021.02 1019.79
 1014.64 1013.65 1010.99 1001.53  991.96  987.29  982.74  970.39  953.04  949.39
  970.18  993.32  989.72  971.71  974.04 1000.11 1020.98 1020.74 1013.92 1013.48
 1014.22 1011.15 1008.97 1009.93 1010.44 1009.72 1010.90 1014.76 1017.67 1016.46
 1014.14 1015.00 1016.12 1013.75 1012.32 1015.59 1018.40 1016.32 1013.37 1013.72
 1015.10 1015.72 1018.07 1019.56 1015.50 1014.15 1021.59 1022.11 1011.19 1011.60
 1022.42 1020.04 1016.13 1025.20 1022.19 1011.05 1023.01 1028.64 1007.59 1015.65
 1034.39  989.12  977.67 1092.54 1099.65  839.37  665.75  750.66  964.77 1028.44
  977.05  969.83  962.70  926.24  928.60  972.30 1003.37 1015.29 1020.67 1017.29
 1017.23 1023.14 1020.55 1017.45 1021.99 1019.28 1013.46 1018.60 1019.77 1013.29
 1018.91 1021.32 1015.18 1017.98  997.72  922.64  866.70  888.43  923.63  906.56
  893.18  924.10  958.79  986.41 1021.63 1016.63  961.70  943.89  991.62 1029.75
 1017.70 1004.33 1012.34 1016.22 1010.35 1009.97 1012.99 1011.59 1011.41 1015.53
 1017.57 1017.00 1017.39 1016.66 1014.97 1015.41 1014.41 1011.26 1012.16 1013.37
 1008.32 1005.60 1009.10 1005.51  991.86  980.50  975.43  976.27  986.50  996.96
  991.58  979.21  983.99 1005.39 1018.05 1012.41 1006.34 1009.89 1012.08 1007.76
 1006.74 1011.94 1014.94 1012.49 1009.38 1008.46 1008.02 1006.93 1007.04 1008.57
 1009.27 1010.63 1013.87 1013.91 1010.16 1009.25 1011.51 1013.34 1014.56 1013.01
 1011.51 1017.05 1018.94 1008.62 1007.39 1020.10 1019.33 1011.11 1019.51 1022.40
 1008.63 1013.15 1027.88 1016.98 1008.67 1024.08 1022.73 1005.94 1010.89 1022.81
 1034.67 1040.17  939.20  754.48  687.75  812.76  984.76 1001.62  960.13  969.40
  959.77  913.89  909.94  955.59  997.82 1016.55 1019.59 1015.63 1016.93 1020.09
 1016.87 1017.94 1023.34 1019.14 1015.46 1021.99 1021.36 1014.51 1018.23 1017.79
 1018.01 1020.81  982.18  899.64  857.34  884.33  906.07  887.55  889.70  922.20
  938.41  954.87  998.88 1019.08  992.27  979.50 1000.43 1014.97 1012.47 1011.64
 1013.05 1013.14 1015.57 1017.96 1017.51 1016.67 1015.68 1013.31 1010.86 1009.79
 1009.77 1010.11 1011.85 1013.42 1010.07 1006.43 1011.88 1018.99 1017.17 1015.85
 1019.07 1011.76  995.57  989.60  993.16  993.73  993.79  998.02 1000.27  999.71
 1003.93 1011.24 1011.66 1006.62 1007.29 1012.51 1012.07 1008.78 1010.69 1013.03
 1010.74 1009.09 1009.96 1009.75 1009.02 1010.13 1012.46 1012.96 1010.34 1009.93
 1013.02 1010.92 1006.39 1010.70 1015.54 1012.26 1012.61 1014.25 1006.93 1008.31
 1020.66 1015.51 1005.42 1017.92 1024.10 1010.19 1013.97 1024.35 1009.14 1006.14
 1027.33 1019.04  999.75 1020.50 1032.09 1002.56 1008.63 1055.69 1027.51  893.39
  758.56  711.30  784.97  933.96 1009.98  973.24  948.46  966.47  960.03  928.20
  922.28  950.07  990.71 1020.81 1022.74 1012.33 1014.09 1018.18 1013.61 1013.65
 1018.51 1016.94 1016.39 1020.46 1018.28 1015.00 1015.67 1006.30 1008.05 1025.84
 1000.40  916.77  857.85  861.82  877.23  873.16  879.42  895.35  901.74  927.44
  983.91 1019.26 1014.25 1005.53 1002.31 1001.33 1013.46 1024.94 1017.80 1010.75
 1014.62 1014.10 1009.80 1011.61 1013.24 1010.80 1010.14 1011.71 1012.73 1012.30
 1011.30 1012.90 1015.16 1013.46 1011.33 1010.81 1008.41 1008.63 1013.79 1013.37
 1006.02 1002.20 1000.95  998.31 1002.43 1014.90 1021.91 1017.45 1012.16 1012.63
 1012.83 1010.46 1011.27 1012.57 1008.42 1006.43 1010.34 1008.89 1002.87 1004.80
 1010.91 1012.12 1012.04 1012.73 1012.47 1012.91 1011.75 1009.26 1011.04 1012.30
 1010.77 1015.23 1016.70 1006.82 1008.13 1020.98 1014.88 1004.47 1016.72 1022.72
 1010.34 1012.84 1019.12 1006.55 1007.85 1025.06 1018.25 1008.64 1021.58 1018.76
 1004.55 1018.79 1024.03  999.58 1011.34 1036.37  955.28  812.63  757.27  829.62
  961.17 1029.13  999.73  962.90  968.50  977.87  967.43  957.94  948.92  944.04
  971.51 1013.54 1021.28 1009.86 1014.67 1020.80 1015.51 1014.16 1016.24 1014.12
 1014.09 1014.38 1011.32 1013.74 1021.32 1008.91 1004.99 1027.43 1023.57  956.91
  891.63  883.13  901.55  901.06  886.43  875.47  882.09  926.94  991.57 1019.91
 1013.09 1011.84 1013.73 1010.29 1013.93 1015.12 1005.54 1004.69 1011.22 1007.26
 1003.27 1008.29 1010.01 1009.21 1013.00 1014.68 1013.37 1012.78 1009.52 1008.28
 1013.89 1015.02 1007.19 1000.81  998.45  997.56 1000.60 1006.39 1010.54 1011.47
 1008.54 1007.09 1015.16 1024.82 1017.07  993.97  981.52  992.38 1007.85 1009.48
 1005.86 1006.02 1004.91 1004.96 1009.60 1010.08 1007.72 1010.75 1011.12 1005.95
 1006.09 1007.00 1002.89 1004.98 1010.42 1007.97 1007.81 1012.58 1009.94 1008.06
 1011.93 1007.14 1004.36 1016.69 1018.44 1005.46 1008.10 1016.60 1009.27 1007.66
 1016.58 1012.91 1008.55 1016.35 1015.85 1009.14 1012.35 1014.47 1014.30 1017.55
 1009.51 1007.26 1028.60 1003.23  902.23  843.04  899.59 1008.42 1052.97 1015.14
  970.74  972.04  992.15  982.17  966.29  974.51  968.22  943.01  954.76  996.03
 1011.52 1009.53 1016.57 1017.26 1012.03 1016.03 1017.50 1012.98 1015.40 1016.47
 1011.57 1016.20 1020.26 1016.07 1009.75 1016.89 1010.77  967.51  925.38  924.54
  939.54  927.53  898.08  878.32  883.19  928.82  995.54 1022.38 1009.36 1010.29
 1023.90 1020.73 1009.43 1003.90 1004.40 1012.60 1017.69 1012.52 1012.56 1017.13
 1011.70 1007.31 1011.00 1007.88 1002.57 1007.63 1010.84 1005.91 1003.73 1002.60
  999.39 1003.21 1011.39 1010.87 1002.99  998.50 1001.85 1009.63 1014.33 1011.73
 1003.03  987.94  966.17  947.67  950.45  977.81 1004.11 1007.09 1001.94 1006.02
 1010.14 1008.87 1009.18 1009.63 1009.91 1012.62 1009.51 1003.33 1007.93 1012.95
 1007.14 1007.32 1013.96 1009.43 1005.82 1012.57 1009.27 1001.62 1011.33 1018.67
 1007.77 1004.29 1012.64 1011.82 1008.03 1011.30 1010.88 1009.09 1015.28 1019.02
 1012.97 1007.30 1009.24 1013.60 1011.39 1009.03 1017.21 1016.02 1000.47 1016.30
 1042.52  981.56  889.63  908.09 1010.49 1039.51  990.39  972.09  987.00  995.65
  994.52  982.20  972.89  982.85  982.59  962.20  963.38  988.28 1003.82 1012.33
 1018.02 1009.82 1005.96 1015.94 1015.72 1008.91 1015.41 1019.31 1010.92 1011.70
 1010.36 1011.25 1012.51 1007.52  987.23  960.34  947.78  954.31  953.75  929.22
  899.81  875.30  860.17  889.85  968.97 1022.36 1013.76 1003.41 1011.66 1010.13
 1006.42 1014.58 1019.68 1016.47 1011.77 1008.21 1010.93 1014.15 1008.26 1006.00
 1012.18 1009.68 1004.10 1012.00 1018.67 1009.95  999.87  996.86  996.88 1001.89
 1010.27 1011.49 1002.39  992.21  992.07 1002.48 1010.00 1001.16  977.20  952.29
  941.81  950.61  972.30  996.45 1010.33 1008.76 1005.36 1010.01 1012.42 1008.47
 1006.88 1006.22 1003.92 1005.95 1008.71 1007.84 1011.34 1015.69 1011.19 1008.74
 1012.92 1009.59 1005.19 1012.45 1014.56 1006.01 1009.47 1019.28 1011.93 1002.73
 1010.66 1017.12 1011.39 1010.75 1016.17 1012.86 1006.81 1010.48 1014.32 1009.81
 1011.39 1020.80 1015.95 1005.19 1013.83 1017.29 1000.47 1011.25 1028.84  966.53
  897.58  943.65 1027.57 1000.13  954.31  999.30 1043.27 1011.89  986.08  996.20
 1000.31  997.94  999.39  994.73  992.42  999.30 1007.18 1015.41 1017.46 1009.52
 1010.07 1018.09 1013.08 1006.67 1013.24 1015.38 1008.40 1007.35 1010.32 1007.09
 1017.71 1010.56  980.48  962.36  967.01  975.11  967.29  941.04  907.14  867.52
  836.33  861.46  951.83 1022.77 1019.94 1004.76 1007.87 1005.78 1007.61 1019.22
 1014.73 1001.31 1002.43 1007.11 1005.64 1006.54 1008.29 1009.54 1014.04 1014.93
 1011.98 1013.61 1011.54  999.57  994.67 1004.38 1010.78 1001.46  987.12  981.76
  984.77  989.00  995.35 1004.26 1005.69  994.99  981.49  975.51  982.81 1001.07
 1015.43 1015.53 1009.25 1006.49 1007.64 1008.87 1006.76 1004.54 1008.10 1011.35
 1007.40 1005.69 1010.63 1010.39 1004.62 1004.23 1005.90 1004.49 1006.57 1009.81
 1007.06 1007.09 1013.46 1012.12 1004.10 1004.88 1011.07 1011.81 1011.35 1011.60
 1007.93 1007.37 1013.96 1014.00 1005.26 1005.71 1015.13 1014.74 1009.14 1012.62
 1012.64 1005.03 1011.15 1020.03 1008.97 1008.14 1018.42  975.79  915.48  938.34
 1008.52 1012.63  993.32 1024.31 1036.24  993.50  978.60 1004.40 1013.10 1006.23
 1009.92 1013.13 1011.50 1013.31 1014.83 1013.51 1011.51 1011.54 1015.74 1015.89
 1010.26 1011.55 1014.80 1010.57 1012.29 1017.70 1011.96 1009.24 1022.80 1006.67
  967.25  953.00  962.51  970.26  968.21  949.05  915.21  883.84  870.10  895.35
  960.02 1008.72 1011.05 1012.21 1024.80 1019.49 1008.59 1008.50 1003.65 1002.06
 1016.81 1022.42 1011.20 1009.51 1015.30 1011.05 1005.35 1006.82 1008.44 1005.97
  996.82  983.33  982.73 1003.11 1021.14 1009.96  980.95  967.75  979.45  996.58
 1006.09 1010.56 1008.92 1003.45 1005.82 1015.38 1020.76 1021.07 1017.80 1008.85
 1002.36 1005.48 1009.47 1008.24 1006.85 1006.98 1008.81 1012.60 1011.89 1007.57
 1009.23 1010.78 1004.72 1004.60 1012.14 1010.09 1005.61 1012.42 1013.20 1002.96
 1005.52 1015.30 1009.10 1002.35 1011.72 1016.41 1007.75 1005.85 1011.34 1009.65
 1007.00 1012.29 1015.51 1012.78 1013.32 1013.01 1005.49 1004.48 1013.22 1013.79
 1009.91 1013.74 1011.72 1009.57 1024.41 1008.67  937.05  901.91  955.69 1014.36
  999.97  965.65  960.98  972.28  985.52  995.82 1000.39 1007.21 1014.05 1011.91
 1010.25 1015.21 1015.78 1009.96 1007.70 1011.94 1014.13 1008.41 1007.53 1017.73
 1017.53 1007.09 1013.81 1023.51 1002.02 1007.59 1015.84  983.69  940.27  932.65
  944.12  951.32  953.75  940.95  924.57  928.79  929.71  912.04  916.58  951.42
  978.38  995.78 1015.76 1018.40 1007.19 1007.99 1015.47 1017.74 1018.18 1013.23
 1005.86 1008.84 1013.54 1007.50 1002.68 1007.37 1011.42 1009.04 1001.97  992.35
  988.33  997.62 1011.63 1009.91  990.40  979.74  992.75 1007.34 1005.84 1003.61
 1008.93 1011.06 1011.45 1014.31 1010.67 1002.64 1001.71 1004.80 1007.25 1011.01
 1010.85 1007.53 1010.58 1012.49 1005.43 1003.45 1008.49 1006.57 1004.63 1010.56
 1011.85 1010.49 1015.69 1013.67 1004.60 1009.03 1016.21 1007.95 1003.79 1013.50
 1015.83 1010.42 1011.92 1011.56 1005.25 1009.23 1019.62 1015.52 1004.77 1009.05
 1017.97 1011.84 1005.18 1011.95 1015.03 1011.84 1017.83 1018.60 1005.59 1004.54
 1009.86 1003.75 1015.62 1027.97  965.19  885.35  903.25  975.25  967.32  914.87
  929.34  987.33 1005.37  992.85  999.48 1016.76 1017.07 1008.85 1008.90 1011.88
 1011.17 1011.11 1012.70 1013.80 1012.89 1009.25 1010.90 1017.99 1012.53 1000.52
 1004.88 1010.06  991.09  999.29  998.36  963.40  931.89  933.50  944.71  951.18
  952.85  942.76  948.38  974.49  940.40  848.49  823.05  890.88  952.88  965.83
  984.49 1008.07 1008.97 1011.24 1021.15 1012.01  995.15  997.28 1008.09 1008.41
 1003.72 1005.54 1012.19 1016.28 1015.24 1010.05 1004.15 1003.85 1008.12 1009.13
 1008.53 1008.81 1002.19  995.33 1003.21 1010.10  998.48  992.21 1005.69 1013.13
 1005.69 1002.24 1003.14 1002.38 1006.78 1012.41 1011.72 1010.67 1008.74 1004.05
 1007.29 1013.25 1007.45 1003.58 1011.25 1011.59 1005.08 1008.91 1011.88 1004.47
 1003.67 1009.35 1006.64 1004.05 1010.57 1013.87 1009.29 1007.01 1009.53 1010.69
 1008.49 1007.63 1010.59 1012.33 1011.06 1010.50 1010.19 1010.19 1010.71 1006.50
 1004.45 1014.56 1019.32 1008.88 1005.69 1009.03 1004.67 1011.65 1022.88 1004.41
  994.07 1019.72 1000.63  925.38  908.32  957.79  967.34  941.01  963.99 1009.31
 1010.53 1000.66 1015.51 1022.48 1010.73 1009.50 1016.55 1012.62 1008.45 1014.28
 1016.31 1011.61 1012.06 1015.93 1015.41 1007.66  991.72  981.00  986.98  992.61
  983.44  984.23  978.40  960.14  951.60  957.89  960.36  957.97  948.79  935.30
  955.90  988.78  926.07  811.60  800.48  895.26  957.00  955.09  982.12 1021.90
 1015.95 1002.67 1008.61 1004.64 1001.99 1020.88 1024.59  997.80  986.15 1003.22
 1012.55 1004.85 1003.26 1005.15  997.81  996.50 1008.72 1013.00 1007.34 1011.22
 1016.77 1010.25 1006.05 1007.08  999.55  996.29 1008.67 1014.05 1006.42 1007.78
 1015.20 1014.36 1012.69 1011.65 1005.39 1004.85 1010.82 1008.41 1004.56 1010.07
 1012.57 1009.87 1013.15 1014.38 1008.17 1008.34 1012.36 1007.08 1003.64 1012.58
 1017.32 1008.79 1004.83 1012.70 1014.83 1006.87 1006.27 1012.12 1009.86 1009.50
 1017.79 1012.99  999.42 1006.18 1019.27 1012.48 1006.14 1013.86 1016.24 1011.39
 1007.36 1001.33 1002.94 1013.38 1015.38 1017.71 1024.32 1005.96  983.88 1003.59
 1020.91  985.02  956.74  976.27  994.56  993.38 1002.88 1011.28 1005.39 1011.11
 1023.08 1013.47 1002.12 1012.21 1020.63 1013.00 1010.03 1015.57 1013.53 1007.53
 1009.95 1015.64 1012.80  995.27  968.83  956.17  967.72  981.45  978.15  971.50
  964.62  960.38  968.12  979.43  977.86  962.58  933.65  911.01  936.00  977.21
  940.57  868.82  878.09  941.30  953.06  945.91  990.53 1029.47 1013.37 1000.86
 1011.51 1014.38 1021.05 1029.80  998.97  956.49  966.63 1008.04 1014.35  997.38
 1004.85 1022.55 1016.75 1002.29  998.21  990.64  980.84  992.13 1014.49 1016.44
 1004.20 1000.46 1003.39 1007.51 1012.64 1010.92 1006.11 1010.75 1014.73 1007.96
 1005.44 1009.72 1006.91 1005.50 1014.57 1016.70 1008.29 1007.89 1012.68 1009.15
 1005.70 1009.46 1010.60 1008.94 1013.45 1017.92 1014.00 1011.65 1016.33 1015.19
 1008.06 1010.22 1016.06 1012.79 1012.23 1018.15 1014.03 1008.44 1015.38 1015.53
 1007.13 1014.31 1020.59 1006.49 1005.15 1022.43 1017.66 1000.55 1007.14 1021.72
 1024.94 1025.12 1013.70  990.39  981.19  984.26  985.37  998.28 1018.12 1014.78
  999.53 1001.27 1011.78 1015.93 1015.87 1013.58 1014.03 1019.35 1016.88 1008.04
 1010.65 1018.49 1015.11 1010.43 1014.25 1015.69 1012.38 1012.55 1013.17 1011.55
 1010.37  998.95  973.05  957.89  967.60  979.89  977.31  974.64  966.30  955.88
  960.85  977.69  984.03  967.34  934.40  915.68  937.39  967.83  957.92  939.24
  951.05  949.79  918.04  921.96  970.10  994.81  995.08 1013.70 1023.97 1007.60
 1004.16 1003.08  967.17  940.96  970.85 1014.00 1018.64 1009.38 1015.89 1022.19
 1013.42 1000.24  990.50  979.67  971.71  980.99 1003.34 1012.69 1002.95  996.68
 1003.40 1010.93 1011.46 1008.13 1006.59 1008.78 1008.22 1002.99 1004.97 1015.09
 1016.39 1008.82 1008.89 1013.68 1011.26 1009.09 1013.14 1012.26 1007.16 1011.13
 1016.74 1010.68 1006.88 1015.08 1015.29 1003.96 1005.37 1016.87 1015.82 1010.16
 1013.43 1014.52 1012.10 1015.37 1014.81 1007.95 1009.45 1015.90 1017.33 1017.58
 1012.50 1004.42 1011.78 1019.37 1003.39  999.13 1026.20 1029.55  993.91  975.57
  976.97  961.25  949.09  970.08  998.59 1008.87 1012.53 1015.97 1013.75 1011.05
 1012.88 1014.54 1014.03 1016.23 1020.21 1016.54 1008.51 1012.87 1024.33 1020.30
 1008.95 1012.38 1019.18 1014.18 1012.47 1018.97 1016.78 1010.07 1012.08 1009.12
  992.25  981.01  982.41  981.70  968.97  973.43  964.00  947.69  947.33  958.52
  959.95  946.88  934.74  941.50  961.58  965.59  954.45  959.44  963.27  926.90
  892.96  915.82  957.49  968.90  985.72 1019.67 1016.83  991.56 1000.07 1014.44
  992.23  969.44  971.43  976.56  985.80 1005.99 1007.47  981.46  958.55  950.70
  955.46  976.95 1002.15 1011.65 1013.13 1014.64 1008.40 1001.76 1006.17 1011.06
 1009.53 1010.70 1013.31 1011.70 1012.06 1014.38 1012.15 1011.39 1014.77 1011.90
 1006.05 1009.18 1013.64 1011.44 1013.04 1018.16 1015.46 1013.45 1018.90 1015.95
 1006.39 1010.58 1018.72 1013.07 1010.18 1017.96 1016.01 1008.12 1013.11 1018.06
 1011.36 1010.62 1018.43 1018.30 1013.79 1015.14 1015.74 1011.19 1009.78 1017.13
 1022.85 1011.46 1000.50 1019.89 1030.54  967.60  888.37  888.89  950.29  982.74
  979.68  994.55 1018.86 1019.71 1010.06 1007.95 1006.37 1004.52 1009.29 1014.17
 1012.53 1011.71 1014.27 1012.75 1011.23 1018.04 1021.85 1013.75 1010.98 1020.21
 1021.47 1012.71 1012.45 1016.96 1014.06 1012.01 1011.77 1000.12  985.51  982.74
  980.40  970.74  959.60  947.40  928.15  924.41  938.91  944.13  931.84  922.60
  930.08  950.73  967.50  966.85  967.05  981.40  969.73  917.22  894.82  939.35
  987.74  992.72  995.73 1008.79 1003.41 1003.91 1029.65 1030.73  990.76  957.98
  944.05  939.78  964.67 1008.08 1018.14  991.37  955.55  913.14  891.14  928.45
  993.77 1019.57 1013.04 1011.21 1008.01 1003.04 1009.84 1014.47 1009.02 1011.42
 1016.53 1010.09 1010.05 1020.80 1015.92 1002.70 1008.66 1019.00 1014.20 1012.68
 1018.77 1013.91 1008.40 1015.86 1016.85 1007.68 1011.39 1021.24 1017.15 1013.17
 1020.79 1023.73 1018.76 1015.80 1010.86 1007.47 1016.87 1025.03 1017.78 1013.44
 1021.56 1024.25 1018.45 1017.12 1016.83 1012.84 1016.09 1024.61 1018.39 1004.60
 1016.64 1038.51  991.69  878.47  817.50  873.53  983.11 1031.62 1020.41 1017.33
 1023.30 1015.89 1007.85 1007.99 1005.77 1004.43 1013.01 1021.39 1019.11 1014.62
 1016.33 1020.48 1022.39 1020.16 1014.17 1012.55 1019.72 1023.51 1017.52 1015.12
 1018.80 1016.09 1012.91 1017.84 1010.72  983.60  966.94  972.17  974.61  966.49
  978.30  936.81  896.34  899.92  929.34  939.27  936.48  947.60  961.33  962.77
  963.68  973.96  989.77  993.06  957.30  904.98  905.09  970.16 1022.60 1012.65
  988.75  985.85  994.27 1011.00 1019.11  987.97  945.12  941.14  968.95  993.39
 1005.34 1006.76 1007.01 1014.70  986.88  896.15  828.67  858.01  936.03  972.58
  977.95  991.24  995.01  992.79 1009.33 1020.77 1009.67 1008.32 1017.75 1009.28
 1001.58 1014.94 1019.32 1007.54 1011.38 1022.32 1015.06 1010.40 1020.41 1018.50
 1008.17 1014.82 1021.96 1011.58 1008.80 1021.37 1022.36 1012.11 1012.08 1016.93
 1015.39 1014.42 1016.03 1015.99 1018.22 1021.57 1019.82 1017.96 1019.06 1016.43
 1013.92 1019.21 1023.37 1020.26 1019.27 1017.64 1006.61 1006.09 1027.69 1015.16
  921.52  826.89  834.66  942.45 1037.47 1039.89 1011.97 1010.87 1016.16 1010.90
 1011.51 1019.14 1019.80 1016.89 1018.72 1020.72 1019.77 1019.72 1020.76 1021.37
 1021.40 1018.69 1015.93 1020.34 1025.41 1018.93 1011.91 1019.43 1026.51 1018.79
 1014.94 1021.56 1012.30  985.78  972.85  978.26  984.90  988.86  997.94  966.78
  924.44  919.98  935.46  941.07  957.51  992.39 1003.56  982.99  974.24  984.56
  978.34  943.16  903.98  895.38  937.16  997.40 1005.19  960.57  935.62  950.55
  963.14  956.06  955.08  971.39  992.03 1006.49 1009.91  988.49  927.36  854.33
  832.27  867.50  869.46  798.22  761.89  827.87  922.09  951.22  956.17  979.91
  987.03  983.67 1007.82 1027.33 1011.38 1005.15 1023.34 1022.12 1005.65 1010.51
 1020.91 1015.44 1014.41 1019.28 1010.76 1005.32 1017.81 1022.41 1012.57 1015.42
 1026.59 1022.33 1014.28 1017.99 1019.79 1014.60 1015.03 1018.14 1016.45 1018.67
 1026.03 1025.28 1016.99 1014.46 1019.49 1023.43 1021.27 1016.57 1017.15 1022.56
 1022.96 1018.04 1016.62 1016.01 1012.76 1017.05 1014.59  958.42  864.64  826.85
  894.11 1003.94 1042.09 1011.64  997.63 1013.65 1021.03 1015.79 1017.38 1022.08
 1021.32 1020.16 1018.56 1013.62 1013.23 1018.93 1019.11 1013.62 1013.95 1019.11
 1021.64 1023.04 1022.91 1017.52 1015.29 1022.15 1024.65 1017.29 1015.56 1020.61
 1015.98 1002.20  987.92  970.98  964.04  983.46  963.57  978.96  973.32  972.41
  968.75  962.19  978.05 1005.43 1004.33  989.10  998.66 1007.21  967.91  910.44
  896.11  936.92  991.32  994.61  928.95  864.28  867.72  911.24  907.61  864.61
  883.22  989.69 1065.62  994.35  850.98  738.30  659.06  605.91  605.51  650.12
  668.53  648.57  684.54  817.67  944.84  968.16  965.12  990.22  996.04  985.97
 1007.36 1030.11 1012.98 1000.12 1019.70 1028.97 1014.79 1012.11 1018.58 1013.02
 1010.32 1019.19 1019.31 1012.28 1016.50 1021.91 1015.31 1011.28 1017.27 1019.90
 1016.79 1016.41 1018.06 1020.65 1025.86 1026.69 1020.17 1017.70 1022.41 1023.11
 1018.85 1019.64 1024.39 1024.84 1022.93 1025.14 1028.40 1024.88 1016.33 1013.17
 1018.14 1022.36 1021.47 1013.85  979.48  907.75  846.95  859.04  939.33 1006.75
 1010.08  999.33 1015.36 1029.95 1021.76 1015.45 1020.48 1017.94 1010.29 1014.56
 1022.23 1019.45 1016.95 1022.32 1023.14 1017.82 1019.52 1025.62 1023.39 1017.28
 1018.30 1023.42 1025.07 1022.70 1018.76 1017.01 1019.46 1021.49 1020.73 1016.57
  993.53  945.33  910.17  924.26  919.97  947.23  969.67  986.37  991.81  995.06
 1008.18 1014.28 1001.46 1000.43 1025.28 1029.63  987.08  949.83  961.11  993.95
  991.85  933.81  853.25  811.44  841.14  893.01  873.63  808.65  814.26  904.15
  928.91  789.54  621.97  531.23  497.69  489.88  512.40  555.15  571.14  570.18
  632.22  781.63  915.34  949.74  964.47 1006.43 1020.09 1002.30 1008.61 1026.92
 1015.01  996.96 1003.07 1011.19 1008.53 1013.90 1021.20 1012.37 1005.58 1017.33
 1026.01 1017.85 1012.40 1018.16 1020.39 1014.94 1012.33 1015.50 1019.06 1019.50
 1017.57 1016.99 1019.08 1019.60 1017.14 1016.06 1016.96 1017.71 1021.19 1026.89
 1025.54 1017.08 1015.65 1024.19 1027.00 1018.38 1014.27 1022.55 1027.34 1016.42
  999.57  978.48  932.53  867.76  836.64  874.11  946.48  986.19  990.10 1004.80
 1026.69 1017.93  994.60  999.85 1023.00 1024.70 1011.90 1014.69 1025.93 1024.56
 1018.65 1021.21 1024.06 1021.77 1022.65 1025.53 1021.15 1015.12 1018.68 1026.49
 1026.23 1019.86 1018.36 1023.22 1025.09 1020.56 1019.77 1023.77 1007.72  958.25
  909.21  898.18  935.57  944.30  959.98  976.31  991.37 1009.45 1025.61 1025.17
 1014.17 1014.23 1016.45  993.37  961.78  960.79  976.35  958.06  907.40  868.26
  853.88  856.61  881.12  912.27  898.31  835.03  784.33  762.68  717.93  637.71
  579.55  567.37  566.09  553.91  555.81  577.60  586.35  588.97  642.66  758.23
  858.67  897.86  938.21 1005.87 1039.85 1022.35 1008.64 1014.57 1012.69 1001.62
  995.79  991.92  992.60 1008.73 1025.15 1019.47 1006.89 1010.47 1018.43 1013.31
 1007.02 1013.44 1022.36 1021.65 1017.22 1017.63 1020.56 1020.72 1018.14 1015.21
 1013.18 1014.02 1019.38 1024.85 1023.34 1018.06 1019.15 1024.62 1022.82 1016.43
 1018.78 1025.35 1020.16 1011.29 1021.05 1038.91 1026.13  980.30  940.79  917.80
  879.13  822.17  798.44  841.53  918.84  968.70  985.13 1000.90 1009.38  989.04
  967.12  980.60 1013.81 1026.45 1019.26 1017.53 1020.39 1015.60 1010.71 1014.72
 1018.69 1015.88 1014.26 1017.91 1020.77 1021.24 1022.75 1022.99 1019.06 1016.79
 1021.79 1027.61 1023.97 1014.65 1014.62 1025.86 1027.71 1003.35  966.13  940.86
  972.15  988.74 1001.56 1005.07 1006.28 1009.97 1009.00 1000.48  996.28  995.99
  973.66  926.17  896.11  903.90  905.06  863.82  830.66  863.99  937.72  971.33
  955.27  950.19  962.93  934.37  839.84  727.73  654.19  648.00  707.52  779.62
  782.92  722.36  675.93  669.92  674.58  683.20  727.28  804.20  857.34  870.59
  900.00  967.23 1020.25 1020.96 1000.67  993.52  998.86 1006.21 1007.13  997.25
  989.25  999.46 1018.10 1021.83 1012.77 1010.09 1014.93 1015.63 1012.44 1012.51
 1014.45 1014.43 1014.41 1015.35 1014.55 1013.63 1016.98 1021.82 1021.47 1018.21
 1019.85 1024.55 1023.45 1017.85 1017.21 1021.07 1021.83 1022.44 1029.08 1031.75
 1020.59 1013.18 1027.64 1036.58  994.40  917.54  864.90  848.58  826.85  783.21
  763.65  808.17  894.79  960.36  981.66  988.80  995.07  987.37  971.70  971.03
  987.94 1005.54 1015.40 1020.02 1019.02 1014.27 1014.47 1020.71 1022.89 1017.90
 1014.78 1018.23 1022.75 1023.85 1022.53 1020.05 1017.89 1019.29 1023.81 1024.89
 1019.35 1014.44 1018.66 1027.72 1026.20 1006.39  980.16  966.36  967.39 1004.19
 1023.96 1023.51 1017.41 1008.71  988.91  966.24  962.59  974.61  968.83  936.11
  910.45  905.25  886.40  844.43  837.47  911.40 1018.38 1048.31  997.64  971.40
 1006.99 1025.73  945.69  813.47  730.23  738.48  815.54  887.69  890.65  848.75
  821.50  817.34  811.41  808.61  835.89  880.72  893.34  869.88  865.31  908.49
  967.12  994.30  987.26  975.63  979.70  998.34 1014.84 1013.91 1001.98  998.49
 1007.55 1015.45 1014.42 1011.68 1013.81 1018.10 1019.22 1015.46 1009.71 1007.87
 1012.04 1015.65 1012.58 1008.34 1011.78 1019.54 1020.58 1014.17 1009.99 1011.80
 1014.66 1016.56 1019.55 1020.90 1017.47 1015.53 1020.68 1024.20 1018.46 1015.95
 1025.12 1017.47  959.34  875.37  820.66  806.93  799.05  777.10  772.71  819.87
  901.51  961.05  975.56  978.26  992.72 1002.94  991.99  973.39  969.83  985.24
 1006.09 1018.28 1019.66 1018.25 1020.05 1022.28 1020.83 1018.72 1020.02 1021.54
 1018.79 1015.09 1016.07 1020.27 1022.54 1022.20 1021.42 1019.95 1017.77 1018.91
 1025.23 1027.54 1011.28  976.29  944.39  940.16  961.67  977.36  975.38  967.35
  973.13  985.84  981.08  960.32  954.20  976.43 1003.63 1010.73 1003.35  990.64
  961.93  923.18  916.22  966.40 1032.49 1041.85  998.90  977.71 1007.85 1037.92
 1005.56  926.48  861.95  838.67  840.36  844.60  852.87  878.91  912.94  918.65
  884.84  852.26  858.59  888.92  896.59  872.19  856.62  879.55  927.03  963.91
  973.84  969.12  968.90  981.13  999.07 1009.59 1008.51 1004.63 1006.28 1011.15
 1012.26 1008.50 1005.22 1006.74 1011.25 1013.29 1011.45 1010.71 1014.55 1018.52
 1016.76 1011.57 1009.53 1011.07 1011.67 1010.79 1011.69 1014.12 1015.29 1016.29
 1019.18 1020.42 1016.29 1011.67 1012.86 1016.31 1016.31 1017.53 1022.58 1012.51
  965.67  896.80  843.84  820.93  811.68  804.49  814.99  859.69  921.82  961.83
  968.34  969.35  984.18  999.01  995.00  979.44  973.26  982.34  995.34 1002.63
 1006.56 1011.56 1014.28 1010.54 1005.82 1008.92 1017.53 1020.08 1013.62 1009.07
 1014.12 1021.70 1021.76 1016.76 1015.86 1019.55 1020.72 1018.38 1019.02 1021.69
 1012.85  985.35  955.40  946.72  994.45  974.03  938.54  913.20  921.50  953.57
  974.07  967.33  957.61  970.95 1001.89 1026.48 1033.91 1029.78 1018.17 1002.90
  996.66 1007.53 1021.69 1018.45 1001.58  993.27  999.42 1003.10  992.80  977.60
  965.02  943.98  904.89  864.19  849.31  864.32  879.29  861.13  818.70  793.05
  807.60  846.46  874.59  878.99  878.50  891.92  918.02  945.08  964.98  975.07
  975.95  973.20  975.05  984.29  995.90 1004.05 1008.53 1012.14 1014.73 1013.48
 1008.51 1004.59 1005.52 1009.22 1010.72 1008.86 1007.03 1007.94 1010.66 1012.48
 1011.77 1009.44 1008.98 1013.36 1020.01 1021.69 1015.79 1009.47 1010.60 1017.31
 1021.69 1021.25 1019.89 1019.64 1019.63 1021.39 1024.72 1018.59  988.64  938.23
  888.85  857.06  843.78  845.61  864.92  901.80  941.99  965.26  968.63  967.74
  973.50  981.15  983.15  981.53  981.38  981.34  978.82  979.23  990.20 1007.86
 1017.72 1013.44 1006.24 1008.73 1017.56 1020.24 1015.21 1013.35 1018.97 1022.22
 1015.64 1008.11 1011.81 1022.74 1025.37 1016.21 1009.94 1017.16 1028.07 1026.33
 1013.07 1002.23 1019.50 1000.36  964.25  933.60  932.01  956.32  978.60  978.57
  967.15  966.35  979.46  991.85  994.06  992.96  998.70 1010.95 1021.05 1022.05
 1014.99 1007.29 1005.25 1005.92  998.73  980.21  963.62  965.37  983.50  994.94
  978.81  939.38  895.85  857.74  821.89  788.65  769.92  777.58  809.17  847.46
  875.69  891.54  902.12  912.06  923.50  940.81  965.34  986.79  990.28  975.92
  962.02  964.87  982.47  999.87 1007.16 1008.20 1010.82 1015.33 1016.53 1013.15
 1009.89 1010.12 1011.10 1008.27 1002.34  999.06 1002.30 1009.01 1012.27 1009.40
 1005.23 1005.80 1010.22 1011.82 1007.73 1003.52 1005.49 1011.83 1015.30 1013.31
 1010.79 1012.58 1017.47 1020.09 1014.38  994.69  959.18  915.52  879.06  862.33
  867.69  888.98  917.36  944.66  964.11  972.59  973.04  971.69  972.46  975.76
  980.83  985.56  984.86  975.01  961.92  959.27  974.42  998.29 1013.21 1012.83
 1007.94 1009.54 1014.99 1015.46 1011.31 1010.99 1016.24 1018.44 1012.75 1007.41
 1011.78 1021.08 1021.98 1012.66 1006.88 1014.56 1027.94 1032.79 1028.29 1024.14
 1012.83 1020.23 1010.48  992.32  983.98  990.54  999.48  998.19  990.19  987.66
  993.21  996.85  990.84  981.34  980.86  992.92 1007.35 1010.79 1001.16  989.56
  987.21  993.15  995.59  985.83  969.42  960.31  965.94  980.02  987.61  976.07
  943.03  897.48  855.64  833.16  836.49  858.10  880.78  891.69  893.03  895.05
  901.99  910.20  918.37  931.92  953.10  971.48  972.69  958.41  948.40  959.27
  986.88 1010.52 1014.69 1004.38  995.05  994.15  997.38  998.88  999.46 1003.28
 1009.89 1013.67 1011.11 1005.74 1003.81 1006.75 1009.83 1008.33 1003.31  999.83
 1000.77 1004.57 1008.47 1011.49 1013.04 1011.17 1005.27  999.69 1001.08 1010.40
 1018.79 1012.70  984.85  940.39  893.47  859.33  848.18  862.13  894.16  930.54
  957.76  970.25  971.87  970.34  970.93  974.55  980.18  987.39  995.38  999.96
  994.52  977.44  957.36  947.21  952.37  966.13  977.64  983.79  990.10  999.97
 1008.39 1009.05 1004.24 1002.33 1006.64 1012.16 1013.72 1012.95 1013.86 1015.28
 1013.10 1008.39 1007.14 1010.56 1011.42 1004.53  996.85  999.87 1010.21 1025.66
 1028.36 1020.61 1013.47 1012.66 1013.42 1009.32 1002.28 1000.08 1005.34 1011.05
 1008.56  998.47  990.41  991.92  999.79 1003.04  994.61  979.52  970.14  974.44
  989.15 1002.89 1006.06  998.98  990.33  988.33  993.14  996.31  987.97  967.10
  944.06  931.48  932.73  938.75  936.86  923.57  906.97  896.37  893.26  893.62
  896.03  903.31  915.56  925.76  927.06  924.24  932.13  960.40 1000.96 1031.42
 1035.00 1016.48  994.35  981.67  978.90  980.72  984.78  992.40 1003.09 1011.74
 1013.15 1007.92 1002.16 1001.08 1004.47 1008.12 1008.77 1006.96 1005.53 1006.55
 1009.82 1013.45 1015.20 1014.38 1013.23 1015.66 1022.65 1027.97 1019.83  990.15
  943.66  896.32  864.89  858.29  875.22  905.96  936.76  956.67  963.35  962.88
  963.65  969.96  980.22  990.28  998.09 1004.85 1011.38 1014.34 1007.86  990.24
  967.85  950.78  945.05  949.77  960.77  975.42  992.66 1009.28 1019.26 1019.14
 1012.57 1007.05 1006.61 1009.16 1010.69 1010.19 1009.42 1009.84 1011.54 1014.25
 1016.83 1015.78 1007.61  994.84  987.16  993.07 1010.96 1011.08 1005.02  998.37
  998.28 1005.39 1012.53 1011.96 1003.72  995.20  992.76  995.51  997.51  995.35
  992.22  993.79 1000.85 1006.97 1004.26  991.97  978.57  974.92  985.34 1004.20
 1020.05 1024.67 1019.43 1012.57 1010.67 1012.85 1012.58 1004.79  991.14  977.87
  969.27  964.24  958.58  949.62  937.80  924.63  911.29  899.86  894.34  897.81
  908.29  918.76  923.81  926.54  936.52  959.76  990.89 1015.56 1022.49 1013.48
  999.95  991.48  989.70  991.26  993.70  997.49 1003.06 1008.15 1009.27 1005.64
 1000.61  998.68 1001.42 1006.41 1009.53 1008.35 1003.52  997.65  993.36  992.08
  994.19  999.48 1006.89 1013.32 1012.74  998.27  967.53  927.38  892.06  875.57
  884.18  912.93  947.07  969.48  971.84  960.25  949.31  950.97  967.47  991.07
 1009.99 1017.14 1014.85 1011.15 1011.39 1013.55 1010.79  998.90  981.39  967.19
  963.89  973.05  990.33 1008.58 1021.50 1025.83 1022.37 1015.38 1010.13 1009.41
 1011.50 1011.98 1008.10 1001.66  997.46  999.24 1006.92 1016.73 1023.41 1023.19
 1016.47 1008.11 1004.08 1006.43 1002.49  985.29  967.45  958.29  963.67  981.41
 1001.97 1014.65 1015.32 1008.31 1000.89  996.81  994.88  992.58  990.04  990.02
  994.22 1000.39 1003.49 1000.27  992.80  987.01  987.62  994.29 1002.08 1005.82
 1004.50 1001.57 1000.99 1003.15 1004.50 1000.95  991.95  981.29  974.04  972.86
  976.25  979.51  977.55  968.18  954.12  942.16  939.16  947.31  961.62  972.25
  971.42  959.59  944.69  935.20  934.29  939.63  947.31  955.56  964.82  975.11
  984.47  990.43  992.73  993.80  996.49 1001.40 1006.59 1009.71 1010.11 1009.09
 1008.24 1007.89 1006.92 1003.78  997.73  989.30  979.96  971.50  965.22  961.11
  957.03  948.94  932.79  907.90  879.59  858.17  854.33  873.67  912.57  957.17
  988.49  994.25  978.23  957.18  948.25  958.69  983.12 1007.73 1019.73 1016.58
 1006.68 1001.02 1004.13 1011.33 1013.40 1005.20  990.90  980.88  983.68  999.57
 1019.59 1030.46 1023.34 1000.41  973.49  956.26  956.65  973.51  997.56 1016.50
 1022.27 1015.62 1004.03  995.46  993.58  997.16 1002.58 1007.11 1010.38 1013.19
 1014.95 1012.53 1011.47  989.91  966.30  950.53  948.66  960.09  978.53  995.76
 1006.51 1010.62 1011.18 1010.75 1009.40 1005.88  999.93  993.35  988.73  987.45
  988.79  990.95  992.66  993.99  995.56  997.39  998.63  998.53  997.56  997.16
  998.27  999.94  999.39  994.06  983.95  972.22  963.50  961.03  964.75  971.38
  976.56  977.87  976.65  976.98  982.34  992.08 1000.38  999.02  982.86  954.00
  920.85  893.17  877.55  875.84  886.09  904.06  924.57  942.53  954.27  958.95
  959.08  959.20  963.35  972.89  985.96  998.79 1007.94 1012.09 1012.19 1010.24
 1007.75 1004.80 1000.18  992.25  980.14  964.36  946.56  928.58  911.41  895.01
  879.24  865.38  856.87  858.40  873.43  901.29  935.60  965.65  981.77  981.64
  972.09  964.10  965.42  976.19  989.67  997.48  996.32  990.75  989.25  997.25
 1012.38 1025.21 1025.88 1012.29  992.84  980.58  984.20 1001.87 1020.89 1023.95
 1000.83  956.84  909.70  878.46  874.58  899.02  942.96  990.77 1026.28 1040.39
 1034.47 1017.11  998.01  984.00  978.43  981.98  993.11 1007.89 1019.96 1022.39
 1030.35 1019.39 1001.48  983.11  969.54  962.87  962.13  964.97  969.57  975.50
  983.06  991.98 1000.69 1006.77 1008.40 1005.51  999.85  993.94  989.87  988.65
  990.21  993.85  998.58 1003.46 1007.79 1011.28 1013.94 1015.65 1015.67 1012.47
 1004.37  990.78  973.23  955.24  941.06  933.86  934.58  941.70  952.19  962.97
  972.10  978.89  982.99  983.33  977.95  965.32  946.02  923.62  903.59  891.22
  889.63  898.84  915.86  935.61  952.46  962.09  963.05  957.23  948.98  943.19
  943.37  950.48  962.80  976.95  989.45  998.14 1002.80 1004.45 1004.17 1002.09
  997.21  988.24  974.71  957.82  940.22  925.08  914.80  910.36  911.28  916.28
  924.05  933.62  944.13  954.42  962.93  968.47  971.11  972.59  975.36  980.78
  987.81  993.28  994.13  990.19  985.24  985.06  993.48 1009.01 1024.23 1029.33
 1018.74  996.17  973.22  962.59  970.80  994.05 1018.10 1023.88  998.82  946.17
  883.44  831.53  805.18  810.00  843.29  895.48  952.07  997.97 1023.27 1026.77
 1014.99  997.88  984.51  980.58  987.48 1002.35 1018.98 1030.05 1017.24 1019.32
 1016.77 1010.21 1001.00  990.59  980.26  971.29  965.09  963.11  966.26  974.41
  986.03  998.53 1009.00 1015.27 1016.59 1013.69 1008.32 1002.49  997.84  995.40
  995.48  997.88 1001.97 1006.86 1011.42 1014.26 1013.90 1009.09  999.31  985.33
  969.29  954.25  943.36  938.78  941.12  949.18  960.38  971.51  979.69  983.09
  981.20  974.69  965.11  954.60  945.57  940.40  940.95  948.04  961.01  977.63
  994.50 1007.88 1014.81 1014.12 1006.77  995.48  983.76  974.74  970.35  970.98
  975.66  982.59  989.90  996.20 1000.78 1003.35 1003.65 1001.22  995.54  986.58
  975.30  963.78  954.76  950.80  953.32  962.02  974.75  988.12  998.48 1003.27
 1001.86  995.74  987.87  981.57  979.41  982.38  989.51  998.11 1004.82 1007.13
 1004.82 1000.29  997.27  998.62 1004.24 1010.43 1011.46 1002.94  985.43  965.29
  952.04  953.71  972.77 1003.48 1031.85 1039.98 1015.12  958.17  883.80  812.04
  759.15  733.84  738.07  768.82  818.93  877.87  933.63  976.14 1000.65 1008.72
 1006.33 1000.64  997.19  998.49 1004.07 1011.37  994.03  996.10 1000.87 1006.50
 1011.05 1013.06 1011.85 1007.78 1002.15  996.77  993.37  993.07  996.02 1001.43
 1007.80 1013.41 1016.88 1017.54 1015.52 1011.65 1007.08 1003.01 1000.31  999.46
 1000.38 1002.56 1005.09 1006.88 1006.90 1004.44  999.42  992.49  984.93  978.36
  974.28  973.62  976.47  982.00  988.72  994.88  999.01 1000.35  999.04  996.00
  992.58  990.21  990.00  992.48  997.54 1004.45 1012.01 1018.87 1023.82 1026.17
 1025.81 1023.25 1019.41 1015.30 1011.79 1009.39 1008.23 1008.11 1008.74 1009.81
 1011.14 1012.64 1014.19 1015.49 1015.99 1015.06 1012.23 1007.53 1001.68  996.05
  992.23  991.54  994.46 1000.40 1007.70 1014.14 1017.70 1017.28 1013.18 1007.00
 1000.98  997.20  996.83  999.70 1004.45 1009.04 1011.63 1011.40 1008.85 1005.46
 1002.75 1001.37 1000.55  998.48  993.47  985.35  976.37  970.72  972.89  985.40
 1006.74 1030.22 1044.64 1037.93 1002.87  941.70  865.76  790.34  728.72  689.23
  675.39  687.27  722.31  775.45  839.01  903.32  958.78  998.50 1020.17 1026.04
 1021.28 1011.76 1002.31  996.00 1000.25  993.61  992.26  995.48 1001.69 1008.88
 1015.20 1019.28 1020.58 1019.31 1016.28 1012.52 1009.01 1006.37 1004.84 1004.31
 1004.45 1004.91 1005.40 1005.84 1006.29 1006.91 1007.89 1009.30 1011.11 1013.07
 1014.83 1015.97 1016.10 1015.01 1012.70 1009.46 1005.76 1002.21  999.37  997.67
  997.26  998.08  999.85 1002.23 1004.89 1007.63 1010.33 1012.98 1015.53 1017.87
 1019.75 1020.89 1020.96 1019.83 1017.58 1014.57 1011.40 1008.79 1007.37 1007.52
 1009.29 1012.32 1015.96 1019.43 1022.00 1023.27 1023.19 1022.13 1020.71 1019.60
 1019.29 1019.96 1021.41 1023.17 1024.65 1025.37 1025.10 1023.95 1022.26 1020.47
 1018.90 1017.68 1016.69 1015.69 1014.47 1013.02 1011.53 1010.39 1009.95 1010.39
 1011.54 1012.90 1013.76 1013.51 1011.85 1008.93 1005.32 1001.76  998.86  996.85
  995.57  994.67  993.95  993.63  994.39  997.02 1001.75 1007.50 1011.42 1009.01
  995.25  966.47  922.27  866.40  805.90  748.96  702.82  672.60  661.17  669.51
  697.04  741.53  798.79  862.54  925.04  978.54 1017.22 1038.67 1044.23 1038.04
 1025.47 1011.60 1013.55 1003.93  997.03  993.54  993.36  995.79  999.79 1004.24
 1008.16 1010.89 1012.12 1011.90 1010.53 1008.44 1006.10 1003.92 1002.19 1001.09
 1000.70 1001.00 1001.92 1003.36 1005.19 1007.26 1009.37 1011.36 1013.01 1014.15
 1014.64 1014.41 1013.44 1011.84 1009.77 1007.47 1005.21 1003.27 1001.88 1001.24
 1001.47 1002.61 1004.62 1007.32 1010.49 1013.78 1016.83 1019.25 1020.73 1021.06
 1020.24 1018.48 1016.17 1013.82 1011.98 1011.09 1011.41 1012.95 1015.42 1018.32
 1021.06 1023.02 1023.77 1023.16 1021.32 1018.67 1015.79 1013.31 1011.73 1011.34
 1012.17 1014.01 1016.48 1019.08 1021.37 1023.00 1023.79 1023.74 1022.98 1021.75
 1020.34 1019.00 1017.95 1017.34 1017.19 1017.43 1017.86 1018.22 1018.20 1017.49
 1015.92 1013.43 1010.18 1006.45 1002.62  999.07  996.06  993.68  991.86  990.36
  988.81  986.79  983.76  979.03  971.74  960.85  945.25  924.04  896.89  864.37
  828.11  790.70  755.31  725.20  703.25  691.69  692.01  704.84  729.95  766.08
  810.80  860.52  910.73  956.63  994.02 1020.19 1034.40 1037.92 1033.43 1024.23
 1011.64 1006.78 1002.19  998.67  996.66  996.29  997.40  999.66 1002.62 1005.81
 1008.83 1011.34 1013.14 1014.15 1014.38 1013.95 1013.00 1011.71 1010.26 1008.79
 1007.45 1006.32 1005.45 1004.89 1004.61 1004.58 1004.76 1005.09 1005.48 1005.89
 1006.25 1006.54 1006.75 1006.88 1006.98 1007.09 1007.27 1007.58 1008.07 1008.74
 1009.58 1010.56 1011.60 1012.61 1013.51 1014.21 1014.68 1014.92 1015.00 1015.02
 1015.09 1015.36 1015.91 1016.80 1017.98 1019.33 1020.69 1021.82 1022.51 1022.59
 1021.97 1020.68 1018.84 1016.68 1014.48 1012.52 1011.04 1010.20 1010.08 1010.64
 1011.75 1013.22 1014.85 1016.43 1017.79 1018.84 1019.53 1019.88 1019.95 1019.82
 1019.55 1019.20 1018.77 1018.24 1017.54 1016.59 1015.34 1013.71 1011.69 1009.30
 1006.61 1003.68 1000.60  997.40  994.06  990.49  986.52  981.90  976.34  969.48
  960.98  950.56  938.00  923.23  906.36  887.73  867.94  847.83  828.42  810.88
  796.42  786.16  781.05  781.81  788.80  802.03  821.05  844.95  872.35  901.50
  930.42  957.13  979.89  997.51 1009.44 1015.85 1017.53 1015.67 1012.24 1010.63
 1008.91 1007.39 1006.28 1005.72 1005.77 1006.39 1007.51 1009.00 1010.69 1012.44
 1014.09 1015.51 1016.62 1017.37 1017.73 1017.73 1017.41 1016.85 1016.12 1015.30
 1014.49 1013.74 1013.12 1012.68 1012.44 1012.40 1012.55 1012.87 1013.33 1013.87
 1014.46 1015.04 1015.58 1016.02 1016.36 1016.56 1016.61 1016.52 1016.28 1015.92
 1015.45 1014.91 1014.34 1013.77 1013.24 1012.81 1012.50 1012.36 1012.42 1012.67
 1013.10 1013.71 1014.44 1015.24 1016.05 1016.80 1017.45 1017.95 1018.28 1018.43
 1018.44 1018.33 1018.15 1017.97 1017.81 1017.73 1017.74 1017.84 1018.02 1018.24
 1018.48 1018.68 1018.80 1018.82 1018.72 1018.48 1018.11 1017.60 1016.99 1016.29
 1015.52 1014.69 1013.82 1012.92 1012.00 1011.06 1010.09 1009.10 1008.06 1006.95
 1005.73 1004.35 1002.74 1000.82  998.50  995.68  992.29  988.25  983.52  978.11
  972.07  965.51  958.61  951.60  944.76  938.43  932.94  928.64  925.82  924.75
  925.59  928.42  933.19  939.73  947.75  956.86  966.57  976.36  985.70  994.13
 1001.24 1006.80 1010.68 1012.94 1013.76 1013.41 1016.49 1015.04 1013.65 1012.37
 1011.24 1010.28 1009.53 1008.98 1008.65 1008.51 1008.55 1008.74 1009.05 1009.46
 1009.94 1010.46 1011.01 1011.55 1012.10 1012.62 1013.14 1013.63 1014.12 1014.59
 1015.06 1015.53 1015.99 1016.45 1016.91 1017.34 1017.76 1018.14 1018.48 1018.76
 1018.97 1019.11 1019.17 1019.14 1019.03 1018.83 1018.56 1018.23 1017.84 1017.43
 1017.00 1016.57 1016.16 1015.79 1015.47 1015.22 1015.05 1014.95 1014.94 1015.01
 1015.15 1015.35 1015.61 1015.91 1016.24 1016.58 1016.92 1017.25 1017.55 1017.83
 1018.06 1018.26 1018.40 1018.49 1018.53 1018.51 1018.45 1018.33 1018.16 1017.94
 1017.69 1017.40 1017.09 1016.76 1016.44 1016.13 1015.84 1015.59 1015.40 1015.27
 1015.22 1015.25 1015.38 1015.59 1015.88 1016.27 1016.72 1017.23 1017.78 1018.35
 1018.92 1019.47 1019.98 1020.42 1020.78 1021.05 1021.22 1021.30 1021.28 1021.19
 1021.04 1020.87 1020.69 1020.55 1020.46 1020.46 1020.56 1020.77 1021.08 1021.49
 1021.97 1022.48 1022.98 1023.43 1023.78 1023.97 1023.98 1023.76 1023.31 1022.63
 1021.71 1020.59 1019.32 1017.93 1012.37 1011.73 1011.12 1010.53 1009.98 1009.46
 1008.99 1008.56 1008.18 1007.84 1007.56 1007.32 1007.13 1006.99 1006.90 1006.84
 1006.83 1006.86 1006.93 1007.02 1007.15 1007.30 1007.47 1007.66 1007.86 1008.07
 1008.30 1008.52 1008.75 1008.98 1009.20 1009.42 1009.63 1009.83 1010.01 1010.19
 1010.35 1010.50 1010.64 1010.76 1010.87 1010.97 1011.06 1011.13 1011.20 1011.26
 1011.31 1011.36 1011.40 1011.44 1011.48 1011.52 1011.56 1011.60 1011.64 1011.68
 1011.72 1011.76 1011.81 1011.86 1011.90 1011.95 1012.00 1012.05 1012.10 1012.15
 1012.20 1012.25 1012.30 1012.36 1012.41 1012.48 1012.54 1012.62 1012.70 1012.80
 1012.91 1013.03 1013.17 1013.32 1013.50 1013.69 1013.91 1014.15 1014.41 1014.69
 1014.99 1015.31 1015.66 1016.01 1016.39 1016.78 1017.17 1017.57 1017.97 1018.37
 1018.77 1019.15 1019.51 1019.86 1020.19 1020.48 1020.75 1020.97 1021.16 1021.31
 1021.41 1021.47 1021.47 1021.43 1021.33 1021.18 1020.98 1020.72 1020.41 1020.05
 1019.64 1019.19 1018.69 1018.16 1017.58 1016.98 1016.35 1015.70 1015.04 1014.37
 1013.70 1013.03
T42_L40 Area in km^2 (AREAXY(1,J),J=1,JPAR)
  3.5531  8.2627 12.9597 17.6266 22.2518 26.8243 31.3332 35.7677 40.1174 44.3720
 48.5213 52.5555 56.4651 60.2407 63.8735 67.3547 70.6762 73.8301 76.8088 79.6054
 82.2132 84.6259 86.8379 88.8440 90.6393 92.2196 93.5813 94.7209 95.6359 96.3240
 96.7837 97.0138 97.0138 96.7837 96.3240 95.6359 94.7209 93.5813 92.2196 90.6393
 88.8440 86.8379 84.6259 82.2132 79.6054 76.8088 73.8301 70.6762 67.3547 63.8735
 60.2407 56.4651 52.5555 48.5213 44.3720 40.1174 35.7677 31.3332 26.8243 22.2518
 17.6266 12.9597  8.2627  3.5531
T42_L40 Longitude (mid_pnt deg.) (XDGRD(I),I=1,IPAR)
    0.00    2.81    5.62    8.44   11.25   14.06   16.88   19.69   22.50   25.31
   28.12   30.94   33.75   36.56   39.38   42.19   45.00   47.81   50.62   53.44
   56.25   59.06   61.88   64.69   67.50   70.31   73.12   75.94   78.75   81.56
   84.38   87.19   90.00   92.81   95.62   98.44  101.25  104.06  106.88  109.69
  112.50  115.31  118.12  120.94  123.75  126.56  129.38  132.19  135.00  137.81
  140.62  143.44  146.25  149.06  151.88  154.69  157.50  160.31  163.12  165.94
  168.75  171.56  174.38  177.19  180.00 -177.19 -174.38 -171.56 -168.75 -165.94
 -163.12 -160.31 -157.50 -154.69 -151.88 -149.06 -146.25 -143.44 -140.62 -137.81
 -135.00 -132.19 -129.38 -126.56 -123.75 -120.94 -118.12 -115.31 -112.50 -109.69
 -106.88 -104.06 -101.25  -98.44  -95.62  -92.81  -90.00  -87.19  -84.38  -81.56
  -78.75  -75.94  -73.12  -70.31  -67.50  -64.69  -61.88  -59.06  -56.25  -53.44
  -50.62  -47.81  -45.00  -42.19  -39.38  -36.56  -33.75  -30.94  -28.12  -25.31
  -22.50  -19.69  -16.88  -14.06  -11.25   -8.44   -5.62   -2.81
T42_L40 Latitude (mid_pnt deg.) (YDGRD(J),J=1,JPAR)
  -87.86  -85.10  -82.31  -79.53  -76.74  -73.95  -71.16  -68.37  -65.58  -62.79
  -60.00  -57.21  -54.42  -51.63  -48.84  -46.04  -43.25  -40.46  -37.67  -34.88
  -32.09  -29.30  -26.51  -23.72  -20.93  -18.14  -15.35  -12.56   -9.77   -6.98
   -4.19   -1.40    1.40    4.19    6.98    9.77   12.56   15.35   18.14   20.93
   23.72   26.51   29.30   32.09   34.88   37.67   40.46   43.25   46.04   48.84
   51.63   54.42   57.21   60.00   62.79   65.58   68.37   71.16   73.95   76.74
   79.53   82.31   85.10   87.86
T42_L40 Altitude (edge km)
   0.000   0.091   0.230   0.331   0.455   0.605   0.782   0.986   1.219   1.481
   1.773   2.096   2.450   2.834   3.249   3.695   4.170   4.676   5.211   5.775
   6.366   6.983   7.626   8.294   8.986   9.703  10.448  11.227  12.045  12.912
  13.842  14.857  16.002  17.369  19.135  21.661  26.065  41.304
T42_L40 mean TEM (T(L),L=1,LPAR)
  278.85  278.57  278.07  277.55  276.97  276.30  275.52  274.67  273.74  272.71
  271.50  269.99  268.15  266.03  263.63  260.98  258.16  255.11  251.71  247.99
  243.97  239.71  235.33  230.98  226.95  223.48  220.69  218.48  216.39  213.97
  211.20  208.67  207.78  209.19  212.16  216.42  225.40
T42_L40 ETAA: L=1,LPAR+1
   0.000   0.659   4.673   8.554  13.859  20.638  28.877  38.509  49.418  61.443
  74.388  88.024 102.095 116.328 130.432 144.111 157.064 168.995 179.614 188.648
 195.843 200.974 203.845 204.299 202.222 197.551 190.277 180.452 168.195 153.697
 137.229 119.145  99.889  80.000  60.000  40.000  20.000   2.000
T42_L40 ETAB: L=1,LPAR+1
 1.00000 0.98827 0.96765 0.95182 0.93194 0.90788 0.87966 0.84737 0.81125 0.77160
 0.72879 0.68327 0.63555 0.58617 0.53571 0.48477 0.43396 0.38389 0.33515 0.28832
 0.24393 0.20248 0.16438 0.13002 0.09967 0.07353 0.05169 0.03412 0.02068 0.01108
 0.00488 0.00151 0.00020 0.00000 0.00000 0.00000 0.00000 0.00000
