# Cambridge 2-D Model Chemical Initialisation File for:   CH4               
# Resolution:  19 lats x 17 levels                                          
# Data for start of month 'Jul' from 2-D model day 3408:  Jun 21            
# Fields for IPCC-AR4 study: Uniform field of 1760 ppbv                     
  1.810E-06  1.810E-06  1.810E-06  1.810E-06  1.810E-06  1.810E-06  1.810E-06
  1.810E-06  1.810E-06  1.810E-06  1.810E-06  1.810E-06  1.810E-06  1.810E-06
  1.810E-06  1.810E-06  1.810E-06
  1.810E-06  1.810E-06  1.810E-06  1.810E-06  1.810E-06  1.810E-06  1.810E-06
  1.810E-06  1.810E-06  1.810E-06  1.810E-06  1.810E-06  1.810E-06  1.810E-06
  1.810E-06  1.810E-06  1.810E-06
  1.810E-06  1.810E-06  1.810E-06  1.810E-06  1.810E-06  1.810E-06  1.810E-06
  1.810E-06  1.810E-06  1.810E-06  1.810E-06  1.810E-06  1.810E-06  1.810E-06
  1.810E-06  1.810E-06  1.810E-06
  1.810E-06  1.810E-06  1.810E-06  1.810E-06  1.810E-06  1.810E-06  1.810E-06
  1.810E-06  1.810E-06  1.810E-06  1.810E-06  1.810E-06  1.810E-06  1.810E-06
  1.810E-06  1.810E-06  1.810E-06
  1.810E-06  1.810E-06  1.810E-06  1.810E-06  1.810E-06  1.810E-06  1.810E-06
  1.810E-06  1.810E-06  1.810E-06  1.810E-06  1.810E-06  1.810E-06  1.810E-06
  1.810E-06  1.810E-06  1.810E-06
  1.810E-06  1.810E-06  1.810E-06  1.810E-06  1.810E-06  1.810E-06  1.810E-06
  1.810E-06  1.810E-06  1.810E-06  1.810E-06  1.810E-06  1.810E-06  1.810E-06
  1.810E-06  1.810E-06  1.810E-06
  1.798E-06  1.798E-06  1.798E-06  1.798E-06  1.798E-06  1.798E-06  1.798E-06
  1.798E-06  1.798E-06  1.798E-06  1.798E-06  1.798E-06  1.780E-06  1.798E-06
  1.798E-06  1.798E-06  1.798E-06
  1.785E-06  1.785E-06  1.785E-06  1.785E-06  1.785E-06  1.785E-06  1.785E-06
  1.785E-06  1.785E-06  1.785E-06  1.785E-06  1.785E-06  1.785E-06  1.785E-06
  1.785E-06  1.785E-06  1.785E-06
  1.773E-06  1.773E-06  1.773E-06  1.773E-06  1.773E-06  1.773E-06  1.773E-06
  1.773E-06  1.773E-06  1.773E-06  1.773E-06  1.773E-06  1.773E-06  1.773E-06
  1.773E-06  1.773E-06  1.773E-06
  1.760E-06  1.760E-06  1.760E-06  1.760E-06  1.760E-06  1.760E-06  1.760E-06
  1.760E-06  1.760E-06  1.760E-06  1.760E-06  1.760E-06  1.760E-06  1.760E-06
  1.760E-06  1.760E-06  1.760E-06
  1.748E-06  1.748E-06  1.748E-06  1.748E-06  1.748E-06  1.748E-06  1.748E-06
  1.748E-06  1.748E-06  1.748E-06  1.748E-06  1.748E-06  1.748E-06  1.748E-06
  1.748E-06  1.748E-06  1.748E-06
  1.735E-06  1.735E-06  1.735E-06  1.735E-06  1.735E-06  1.735E-06  1.735E-06
  1.735E-06  1.735E-06  1.735E-06  1.735E-06  1.735E-06  1.735E-06  1.735E-06
  1.735E-06  1.735E-06  1.735E-06
  1.723E-06  1.723E-06  1.723E-06  1.723E-06  1.723E-06  1.723E-06  1.723E-06
  1.723E-06  1.723E-06  1.723E-06  1.723E-06  1.723E-06  1.723E-06  1.723E-06
  1.723E-06  1.723E-06  1.723E-06
  1.710E-06  1.710E-06  1.710E-06  1.710E-06  1.710E-06  1.710E-06  1.710E-06
  1.710E-06  1.710E-06  1.710E-06  1.710E-06  1.710E-06  1.710E-06  1.710E-06
  1.710E-06  1.710E-06  1.710E-06
  1.710E-06  1.710E-06  1.710E-06  1.710E-06  1.710E-06  1.710E-06  1.710E-06
  1.710E-06  1.710E-06  1.710E-06  1.710E-06  1.710E-06  1.710E-06  1.710E-06
  1.710E-06  1.710E-06  1.710E-06
  1.710E-06  1.710E-06  1.710E-06  1.710E-06  1.710E-06  1.710E-06  1.710E-06
  1.710E-06  1.710E-06  1.710E-06  1.710E-06  1.710E-06  1.710E-06  1.710E-06
  1.710E-06  1.710E-06  1.710E-06
  1.710E-06  1.710E-06  1.710E-06  1.710E-06  1.710E-06  1.710E-06  1.710E-06
  1.710E-06  1.710E-06  1.710E-06  1.710E-06  1.710E-06  1.710E-06  1.710E-06
  1.710E-06  1.710E-06  1.710E-06
  1.710E-06  1.710E-06  1.710E-06  1.710E-06  1.710E-06  1.710E-06  1.710E-06
  1.710E-06  1.710E-06  1.710E-06  1.710E-06  1.710E-06  1.710E-06  1.710E-06
  1.710E-06  1.710E-06  1.710E-06
  1.710E-06  1.710E-06  1.710E-06  1.710E-06  1.710E-06  1.710E-06  1.710E-06
  1.710E-06  1.710E-06  1.710E-06  1.710E-06  1.710E-06  1.710E-06  1.710E-06
  1.710E-06  1.710E-06  1.710E-06
