MEGANv2.10 input for Oslo CTM3
==================================================================================================================================
G2012 Table 4. Note that beta = TDF_PRM, Ct1 = Ctm1 and Ceo = CLeo in MEGAN code. Rho = factor for prod/loss within canopy.
Nr MEGAN-NAME beta  LDF   Ct1   Ceo   Anew  Agro  Amat  Aold  Rho   Mw(not used)
----------------------------------------------------------------------------------------------------------------------------------
01 'ISOP'     0.13  1.00   95.  2.00  0.05  0.60  1.00  0.90  1.00   68.12
02 'MYRC'     0.10  0.60   80.  1.83  2.00  1.80  1.00  1.05  1.00  136.23
03 'SABI'     0.10  0.60   80.  1.83  2.00  1.80  1.00  1.05  1.00  136.23
04 'LIMO'     0.10  0.20   80.  1.83  2.00  1.80  1.00  1.05  1.00  136.23
05 'A_3CAR'   0.10  0.20   80.  1.83  2.00  1.80  1.00  1.05  1.00  136.23
06 'OCIM'     0.10  0.80   80.  1.83  2.00  1.80  1.00  1.05  1.00  136.23
07 'BPIN'     0.10  0.20   80.  1.83  2.00  1.80  1.00  1.05  1.00  136.23
08 'APIN'     0.10  0.60   80.  1.83  2.00  1.80  1.00  1.05  1.00  136.23
09 'OMTP'     0.10  0.40   80.  1.83  2.00  1.80  1.00  1.05  1.00  140.47   ! Mw is weighted mean
10 'FARN'     0.17  0.50  130.  2.37  0.40  0.60  1.00  0.95  1.00  204.35
11 'BCAR'     0.17  0.50  130.  2.37  0.40  0.60  1.00  0.95  1.00  204.35
12 'OQST'     0.17  0.50  130.  2.37  0.40  0.60  1.00  0.95  1.00  204.46   ! Mw is weighted mean
13 'MBO'      0.13  1.00   95.  2.00  0.05  0.60  1.00  0.90  1.00   86.13
14 'MEOH'     0.08  0.80   60.  1.60  3.50  3.00  1.00  1.20  1.00   32.04
15 'ACTO'     0.10  0.20   80.  1.83  1.00  1.00  1.00  1.00  1.00   58.08
16 'CO'       0.08  1.00   60.  1.60  1.00  1.00  1.00  1.00  1.00   28.01
17 'NO'       0.10  0.00   80.  1.83  1.00  1.00  1.00  1.00  1.00   30.01
18 'BIDIR'    0.13  0.80   95.  2.00  1.00  1.00  1.00  1.00  1.00   44.05   ! Mw is weighted mean
19 'STRESS'   0.10  0.80   80.  1.83  1.00  1.00  1.00  1.00  1.00   66.86   ! Mw is weighted mean
20 'OTHER'    0.10  0.20   80.  1.83  1.00  1.00  1.00  1.00  1.00   76.24   ! Mw is weighted mean
-END- ============================================================================================================================
Canopy types
As in G2012, but splitting 15 to 15+16 (as in MEGAN). MEGAN code had canopy 2 and 3 swapped - CTM3 keeps G2012 order.
NR MGN_PFT      MGN_NAM                                 MGN_DUM
----------------------------------------------------------------------------------------------------------------------------------
01 'NT_EG_TEMP' 'Needleaf evergreen temperate tree  '
02 'NT_EG_BORL' 'Needleaf evergreen boreal tree     '
03 'NT_DC_BORL' 'Needleaf deciduous boreal tree     '
04 'BT_EG_TROP' 'Broadleaf evergreen tropical tree  '
05 'BT_EG_TEMP' 'Broadleaf evergreen temperate tree '
06 'BT_DC_TROP' 'Broadleaf deciduous tropical tree  '
07 'BT_DC_TEMP' 'Broadleaf deciduous temperate tree '
08 'BT_DC_BORL' 'Broadleaf deciduous boreal tree    '
09 'SB_EG_TEMP' 'Broadleaf evergreen temperate shrub'
10 'SB_DC_TEMP' 'Broadleaf deciduous temperate shrub'
11 'SB_DC_BORL' 'Broadleaf deciduous boreal shrub   '
12 'GS_C3_COLD' 'Cool/Arctic C3 grass               '
13 'GS_C3_COOL' 'C3 grass (cool)                    '
14 'GS_C3_WARM' 'C4 grass (warm)                    '
15 'CORN      ' 'Corn                               '
16 'CROP      ' 'Other crops                        '
-END- ============================================================================================================================
Canopy Characteristics: See bottom for description.
Char\Typ 1      2      3      4      5      6      7      8      9      10      11      12      13     14     15     16
----------------------------------------------------------------------------------------------------------------------------------
01       16.    16.    16.    16.    16.    16.    16.    16.     1.     1.      1.      0.756   0.756  0.756  1.     1.
02        0.05   0.05   0.05   0.05   0.05   0.05   0.05   0.05   0.015  0.015   0.015   0.015   0.015  0.015  0.02   0.02
03        0.1    0.1    0.1    0.1    0.1    0.1    0.1    0.1    0.1    0.1     0.1     0.15    0.15   0.15   0.15   0.15 
04       24.    24.    24.    24.    24.    24.    24.    24.     2.     2.      2.      0.75    0.75   0.75   1.     1.
05        0.2    0.2    0.2    0.2    0.2    0.2    0.2    0.2    0.2    0.2     0.2     0.2     0.2    0.2    0.2    0.2
06        0.8    0.8    0.8    0.8    0.8    0.8    0.8    0.8    0.8    0.8     0.8     0.8     0.8    0.8    0.8    0.8  
07        0.057  0.057  0.057  0.057  0.057  0.057  0.057  0.057  0.057  0.057   0.057   0.057   0.057  0.057  0.057  0.057
08        0.389  0.389  0.389  0.389  0.389  0.389  0.389  0.389  0.389  0.389   0.389   0.389   0.389  0.389  0.389  0.389
09        0.85   0.85   0.85   1.1    0.95   1.1    0.95   0.95   0.85   0.85    0.85    0.76    0.76   0.76   0.65   0.65
10        0.95   0.95   0.95   0.95   0.95   0.95   0.95   0.95   0.95   0.95    0.95    0.95    0.95   0.95   0.95   0.95
11        1.25   1.25   1.25   1.25   1.25   1.25   1.25   1.25   1.00   1.00    1.00    1.25    1.25   1.25   1.25   1.25
12        0.06   0.06   0.06   0.06   0.06   0.06   0.06   0.06   0.06   0.06    0.06    0.06    0.06   0.06   0.06   0.06
13       -0.06  -0.06  -0.06  -0.06  -0.06  -0.06  -0.06  -0.06  -0.06  -0.06   -0.06   -0.06   -0.06  -0.06  -0.06  -0.06
14      700.   700.   700.   700.   700.   700.   700.   700.   700.   700.    700.    700.    700.   700.   700.   700.
15      150.   150.   150.   150.   150.   150.   150.   150.   150.   150.    150.    150.    150.   150.   150.   150.
16        0.7    0.7    0.7    0.7    0.7    0.7    0.7     0.7   0.7    0.7     0.7     0.7     0.7    0.7    0.7    0.7
17        0.2    0.2    0.2    0.2    0.2    0.2    0.2     0.2   0.2    0.2     0.2     0.2     0.2    0.2    0.2    0.2
-END- ============================================================================================================================
Emission factor for 20 MEGAN species on 16 canopy types
Combines G2012 table 2 with MEGAN code, but adds flag 'use_EFmaps' for
species where table 2 is not used in MEGAN code.
Uses the same 16 canopy types as above.
Spec/Type    1      2     3     4        5      6       7       8      9     10     11     12    13    14    15    16    use_EFmaps
-----------------------------------------------------------------------------------------------------------------------------------------
01         600.  3000.    1.  7000.  10000.  7000.  10000.  11000.  2000.  4000.  4000.  1600.  800.  200.    1.    1.   0    'ISOP' !map exists 
02          70.    70.   60.    80.     30.    80.     30.     30.    30.    50.    30.     0.3   0.3   0.3   0.3   0.3  0    'MYRC' !map exists
03          70.    70.   40.    80.     50.    80.     50.     50.    50.    70.    50.     0.7   0.7   0.7   0.7   0.7  0    'SABI' !map exists
04         100.   100.  130.    80.     80.    80.     80.     80.    60.   100.    60.     0.7   0.7   0.7   0.7   0.7  0    'LIMO' !map exists
05         160.   160.   80.    40.     30.    40.     30.     30.    30.   100.    30.     0.3   0.3   0.3   0.3   0.3  0    'A_3CAR' !map exists
06          70.    70.   60.   150.    120.   150.    120.    120.    90.   150.    90.     2.    2.    2.    2.    2.   0    'OCIM' !map exists
07         300.   300.  200.   120.    130.   120.    130.    130.   100.   150.   100.     1.5   1.5   1.5   1.5   1.5  0    'BPIN' !map exists
08         500.   500.  510.   600.    400.   600.    400.    400.   200.   300.   200.     2.    2.    2.    2.    2.   0    'APIN' !map exists
09         180.   180.  170.   150.    150.   150.    150.    150.   110.   200.   110.     5.    5.    5.    5.    5.   0    'OMTP'
10          40.    40.   40.    60      40.    60.     40.     40.    40.    40.    40.     3.    3.    3.    4.    4.   0    'FARN'
11          80.    80.   80.    60.     40.    60.     40.     40.    50.    50.    50.     1.    1.    1.    2.    4.   0    'BCAR'
12         120.   120.  120.   120.    100.   120.    100.    100.   100.   100.   100.     2.    2.    2.    2.    2.   0    'OQST'
13         700.    60.    0.01   0.01    0.01   0.01    0.01    2.     0.01   0.01   0.01   0.01  0.01  0.01  0.01  0.01 0    'MBO' !map exists
14         900.   900.  900.   500.    900.   500.    900.    900.   900.   900.   900.   500.  500.  500.  900.  900.   0    'MEOH'
15         240.   240.  240.   240.    240.   240.    240.    240.   240.   240.   240.    80.   80.   80.   80.   80.   0    'ACTO'
16         600.   600.  600.   600.    600.   600.    600.    600.   600.   600.   600.   600.  600.  600.  600.  600.   0    'CO'
17           6.     6.    6.     5.      5.     5.      5.      5.    30.    30.    30.    70.   70.   70.   70.   70.   0    'NO' !map exists
18         500.   500.  500.   500.    500.   500.    500.    500.   500.   500.   500.    80.   80.   80.   80.   80.   0    'BIDIR'
19         300.   300.  300.   300.    300.   300.    300.    300.   300.   300.   300.   300.  300.  300.  300.  300.   0    'STRESS'
20         140.   140.  140.   140.    140.   140.    140.    140.   140.   140.   140.   140.  140.  140.  140.  140.   0    'OTHER'
-END- ===================================================================================================================================
MEGAN speciated species (150 of them), their molecular weight and mapping to the 20 MEGAN species and CTM species,
and emission fractions (EF_all) for speciation from 20 MEGAN categories to 150 species (dependent on canopy type):
                                                                 | Canopy types
Nr  Name                Mw      MG20_MAP  MG20_NAM       CTM_MAP | 1       2       3       4       5       6       7       8       9       10      11      12      13      14      15      16
-----------------------------------------------------------------|--------------------------------------------------------------------------------------------------------------------------------
001 'isoprene'           68.12  1         'ISOP'          20       1.00000 1.00000 1.00000 1.00000 1.00000 1.00000 1.00000 1.00000 1.00000 1.00000 1.00000 1.00000 1.00000 1.00000 1.00000 1.00000
002 'myrcene'           136.23  2         'MYRC'         283       1.00000 1.00000 1.00000 1.00000 1.00000 1.00000 1.00000 1.00000 1.00000 1.00000 1.00000 1.00000 1.00000 1.00000 1.00000 1.00000
003 'sabinene'          136.23  3         'SABI'         284       1.00000 1.00000 1.00000 1.00000 1.00000 1.00000 1.00000 1.00000 1.00000 1.00000 1.00000 1.00000 1.00000 1.00000 1.00000 1.00000
004 'limonene'          136.23  4         'LIMO'         282       1.00000 1.00000 1.00000 1.00000 1.00000 1.00000 1.00000 1.00000 1.00000 1.00000 1.00000 1.00000 1.00000 1.00000 1.00000 1.00000
005 'carene_3'          136.23  5         'A_3CAR'       285       1.00000 1.00000 1.00000 1.00000 1.00000 1.00000 1.00000 1.00000 1.00000 1.00000 1.00000 1.00000 1.00000 1.00000 1.00000 1.00000
006 'ocimene_t_b'       136.23  6         'OCIM'         286       1.00000 1.00000 1.00000 1.00000 1.00000 1.00000 1.00000 1.00000 1.00000 1.00000 1.00000 1.00000 1.00000 1.00000 1.00000 1.00000
007 'pinene_b'          136.23  7         'BPIN'         281       1.00000 1.00000 1.00000 1.00000 1.00000 1.00000 1.00000 1.00000 1.00000 1.00000 1.00000 1.00000 1.00000 1.00000 1.00000 1.00000
008 'pinene_a'          136.23  8         'APIN'         280       1.00000 1.00000 1.00000 1.00000 1.00000 1.00000 1.00000 1.00000 1.00000 1.00000 1.00000 1.00000 1.00000 1.00000 1.00000 1.00000
009 'A_2met_styrene'    132.20  9         'OMTP'          12       0.00600 0.00600 0.00600 0.01100 0.01100 0.01100 0.01100 0.01100 0.00900 0.00900 0.00900 0.01000 0.01000 0.01000 0.01000 0.01000
010 'cymene_p'          134.22  9         'OMTP'          12       0.05500 0.05500 0.05500 0.05700 0.05700 0.05700 0.05700 0.05700 0.04600 0.04600 0.04600 0.04200 0.04200 0.04200 0.04200 0.04200
011 'cymene_o'          134.22  9         'OMTP'          12       0.01700 0.01700 0.01700 0.03400 0.03400 0.03400 0.03400 0.03400 0.02800 0.02800 0.02800 0.03100 0.03100 0.03100 0.03100 0.03100
012 'phellandrene_a'    136.23  9         'OMTP'           0       0.05500 0.05500 0.05500 0.04600 0.04600 0.04600 0.04600 0.04600 0.04600 0.04600 0.04600 0.04200 0.04200 0.04200 0.04200 0.04200
013 'thujene_a'         136.23  9         'OMTP'           0       0.03300 0.03300 0.03300 0.01100 0.01100 0.01100 0.01100 0.01100 0.03700 0.03700 0.03700 0.04200 0.04200 0.04200 0.04200 0.04200
014 'terpinene_a'       136.23  9         'OMTP'         288       0.05500 0.05500 0.05500 0.05700 0.05700 0.05700 0.05700 0.05700 0.04600 0.04600 0.04600 0.04200 0.04200 0.04200 0.04200 0.04200
015 'terpinene_g'       136.23  9         'OMTP'         288       0.05500 0.05500 0.05500 0.05700 0.05700 0.05700 0.05700 0.05700 0.04600 0.04600 0.04600 0.04200 0.04200 0.04200 0.04200 0.04200
016 'terpinolene'       136.23  9         'OMTP'         287       0.06700 0.06700 0.06700 0.05700 0.05700 0.05700 0.05700 0.05700 0.05500 0.05500 0.05500 0.06200 0.06200 0.06200 0.06200 0.06200
017 'phellandrene_b'    136.23  9         'OMTP'           0       0.16000 0.16000 0.16000 0.05700 0.05700 0.05700 0.05700 0.05700 0.09200 0.09200 0.09200 0.10400 0.10400 0.10400 0.10400 0.10400
018 'camphene'          136.23  9         'OMTP'           0       0.24800 0.24800 0.24800 0.18000 0.18000 0.18000 0.18000 0.18000 0.18600 0.18600 0.18600 0.14600 0.14600 0.14600 0.14600 0.14600
019 'bornene'           136.23  9         'OMTP'           0       0.00500 0.00500 0.00500 0.01000 0.01000 0.01000 0.01000 0.01000 0.00800 0.00800 0.00800 0.00800 0.00800 0.00800 0.00800 0.00800
020 'fenchene_a'        136.23  9         'OMTP'           0       0.00200 0.00200 0.00200 0.00300 0.00300 0.00300 0.00300 0.00300 0.00300 0.00300 0.00300 0.00400 0.00400 0.00400 0.00400 0.00400
021 'ocimene_al'        136.23  9         'OMTP'         286       0.00600 0.00600 0.00600 0.01100 0.01100 0.01100 0.01100 0.01100 0.00900 0.00900 0.00900 0.01000 0.01000 0.01000 0.01000 0.01000
022 'ocimene_c_b'       136.23  9         'OMTP'         286       0.02200 0.02200 0.02200 0.04600 0.04600 0.04600 0.04600 0.04600 0.03700 0.03700 0.03700 0.04200 0.04200 0.04200 0.04200 0.04200
023 'tricyclene'        136.23  9         'OMTP'           0       0.00600 0.00600 0.00600 0.01100 0.01100 0.01100 0.01100 0.01100 0.00900 0.00900 0.00900 0.01000 0.01000 0.01000 0.01000 0.01000
024 'estragole'         148.20  9         'OMTP'           0       0.00200 0.00200 0.00200 0.00300 0.00300 0.00300 0.00300 0.00300 0.00300 0.00300 0.00300 0.00400 0.00400 0.00400 0.00400 0.00400
025 'camphor'           152.23  9         'OMTP'         291       0.03300 0.03300 0.03300 0.03400 0.03400 0.03400 0.03400 0.03400 0.04600 0.04600 0.04600 0.04200 0.04200 0.04200 0.04200 0.04200
026 'fenchone'          152.23  9         'OMTP'         291       0.00600 0.00600 0.00600 0.01100 0.01100 0.01100 0.01100 0.01100 0.00900 0.00900 0.00900 0.01000 0.01000 0.01000 0.01000 0.01000
027 'piperitone'        152.23  9         'OMTP'         291       0.00200 0.00200 0.00200 0.00300 0.00300 0.00300 0.00300 0.00300 0.00300 0.00300 0.00300 0.00400 0.00400 0.00400 0.00400 0.00400
028 'thujone_a'         152.23  9         'OMTP'         291       0.02800 0.02800 0.02800 0.01100 0.01100 0.01100 0.01100 0.01100 0.04600 0.04600 0.04600 0.04200 0.04200 0.04200 0.04200 0.04200
029 'thujone_b'         152.23  9         'OMTP'         291       0.00600 0.00600 0.00600 0.00200 0.00200 0.00200 0.00200 0.00200 0.00900 0.00900 0.00900 0.01000 0.01000 0.01000 0.01000 0.01000
030 'cineole_1_8'       154.25  9         'OMTP'         289       0.01100 0.01100 0.01100 0.05700 0.05700 0.05700 0.05700 0.05700 0.03700 0.03700 0.03700 0.04200 0.04200 0.04200 0.04200 0.04200
031 'borneol'           154.25  9         'OMTP'         289       0.00400 0.00400 0.00400 0.00800 0.00800 0.00800 0.00800 0.00800 0.00600 0.00600 0.00600 0.00600 0.00600 0.00600 0.00600 0.00600
032 'linalool'          154.25  9         'OMTP'         289       0.06000 0.06000 0.06000 0.13800 0.13800 0.13800 0.13800 0.13800 0.11100 0.11100 0.11100 0.12500 0.12500 0.12500 0.12500 0.12500
033 'terpineol_4'       154.25  9         'OMTP'         289       0.00300 0.00300 0.00300 0.00700 0.00700 0.00700 0.00700 0.00700 0.00600 0.00600 0.00600 0.00600 0.00600 0.00600 0.00600 0.00600
034 'terpineol_a'       154.25  9         'OMTP'         289       0.01700 0.01700 0.01700 0.03400 0.03400 0.03400 0.03400 0.03400 0.02800 0.02800 0.02800 0.03100 0.03100 0.03100 0.03100 0.03100
035 'linalool_OXD_c'    170.25  9         'OMTP'           0       0.00300 0.00300 0.00300 0.00700 0.00700 0.00700 0.00700 0.00700 0.00600 0.00600 0.00600 0.00600 0.00600 0.00600 0.00600 0.00600
036 'linalool_OXD_t'    170.25  9         'OMTP'           0       0.01700 0.01700 0.01700 0.03000 0.03000 0.03000 0.03000 0.03000 0.02400 0.02400 0.02400 0.02700 0.02700 0.02700 0.02700 0.02700
037 'ionone_b'          192.30  9         'OMTP'          50       0.00100 0.00100 0.00100 0.00200 0.00200 0.00200 0.00200 0.00200 0.00200 0.00200 0.00200 0.00200 0.00200 0.00200 0.00200 0.00200
038 'bornyl_ACT'        196.29  9         'OMTP'           0       0.00300 0.00300 0.00300 0.00100 0.00100 0.00100 0.00100 0.00100 0.00300 0.00300 0.00300 0.00200 0.00200 0.00200 0.00200 0.00200
039 'farnescene_a'      204.35  10        'FARN'         290       1.00000 1.00000 1.00000 1.00000 1.00000 1.00000 1.00000 1.00000 1.00000 1.00000 1.00000 1.00000 1.00000 1.00000 1.00000 1.00000
040 'caryophyllene_b'   204.35  11        'BCAR'         290       1.00000 1.00000 1.00000 1.00000 1.00000 1.00000 1.00000 1.00000 1.00000 1.00000 1.00000 1.00000 1.00000 1.00000 1.00000 1.00000
041 'acoradiene'        204.35  12        'OQST'         290       0.01600 0.01600 0.01600 0.01900 0.01900 0.01900 0.01900 0.01900 0.01900 0.01900 0.01900 0.02200 0.02200 0.02200 0.02200 0.02200
042 'aromadendrene'     204.35  12        'OQST'         290       0.00600 0.00600 0.00600 0.00700 0.00700 0.00700 0.00700 0.00700 0.00800 0.00800 0.00800 0.01100 0.01100 0.01100 0.01100 0.01100
043 'bergamotene_a'     204.35  12        'OQST'         290       0.14400 0.14400 0.14400 0.08400 0.08400 0.08400 0.08400 0.08400 0.09600 0.09600 0.09600 0.09800 0.09800 0.09800 0.09800 0.09800
044 'bergamotene_b'     204.35  12        'OQST'         290       0.00200 0.00200 0.00200 0.00200 0.00200 0.00200 0.00200 0.00200 0.00200 0.00200 0.00200 0.00500 0.00500 0.00500 0.00500 0.00500
045 'bisabolene_a'      204.35  12        'OQST'         290       0.00200 0.00200 0.00200 0.00200 0.00200 0.00200 0.00200 0.00200 0.00200 0.00200 0.00200 0.00500 0.00500 0.00500 0.00500 0.00500
046 'bisabolene_b'      204.35  12        'OQST'         290       0.12000 0.12000 0.12000 0.05600 0.05600 0.05600 0.05600 0.05600 0.06700 0.06700 0.06700 0.07700 0.07700 0.07700 0.07700 0.07700
047 'bourbonene_b'      204.35  12        'OQST'         290       0.02400 0.02400 0.02400 0.02800 0.02800 0.02800 0.02800 0.02800 0.02900 0.02900 0.02900 0.03300 0.03300 0.03300 0.03300 0.03300
048 'cadinene_d'        204.35  12        'OQST'         290       0.01200 0.01200 0.01200 0.01400 0.01400 0.01400 0.01400 0.01400 0.01400 0.01400 0.01400 0.01600 0.01600 0.01600 0.01600 0.01600
049 'cadinene_g'        204.35  12        'OQST'         290       0.00800 0.00800 0.00800 0.00900 0.00900 0.00900 0.00900 0.00900 0.01000 0.01000 0.01000 0.01100 0.01100 0.01100 0.01100 0.01100
050 'cedrene_a'         204.35  12        'OQST'         290       0.00500 0.00500 0.00500 0.00600 0.00600 0.00600 0.00600 0.00600 0.00600 0.00600 0.00600 0.00500 0.00500 0.00500 0.00500 0.00500
051 'copaene_a'         204.35  12        'OQST'         290       0.00800 0.00800 0.00800 0.00900 0.00900 0.00900 0.00900 0.00900 0.01000 0.01000 0.01000 0.01100 0.01100 0.01100 0.01100 0.01100
052 'cubebene_a'        204.35  12        'OQST'         290       0.01200 0.01200 0.01200 0.01400 0.01400 0.01400 0.01400 0.01400 0.01400 0.01400 0.01400 0.01600 0.01600 0.01600 0.01600 0.01600
053 'cubebene_b'        204.35  12        'OQST'         290       0.00800 0.00800 0.00800 0.00900 0.00900 0.00900 0.00900 0.00900 0.01000 0.01000 0.01000 0.01100 0.01100 0.01100 0.01100 0.01100
054 'elemene_b '        204.35  12        'OQST'         290       0.01600 0.01600 0.01600 0.01900 0.01900 0.01900 0.01900 0.01900 0.01900 0.01900 0.01900 0.02200 0.02200 0.02200 0.02200 0.02200
055 'farnescene_b'      204.35  12        'OQST'         290       0.23400 0.23400 0.23400 0.27600 0.27600 0.27600 0.27600 0.27600 0.28500 0.28500 0.28500 0.22400 0.22400 0.22400 0.22400 0.22400
056 'germacrene_B'      204.35  12        'OQST'         290       0.00800 0.00800 0.00800 0.00900 0.00900 0.00900 0.00900 0.00900 0.01000 0.01000 0.01000 0.01100 0.01100 0.01100 0.01100 0.01100
057 'germacrene_D'      204.35  12        'OQST'         290       0.02400 0.02400 0.02400 0.02800 0.02800 0.02800 0.02800 0.02800 0.02900 0.02900 0.02900 0.03300 0.03300 0.03300 0.03300 0.03300
058 'gurjunene_b'       204.35  12        'OQST'         290       0.00400 0.00400 0.00400 0.00500 0.00500 0.00500 0.00500 0.00500 0.00500 0.00500 0.00500 0.00500 0.00500 0.00500 0.00500 0.00500
059 'humulene_a'        204.35  12        'OQST'         290       0.19900 0.19900 0.19900 0.13900 0.13900 0.13900 0.13900 0.13900 0.17200 0.17200 0.17200 0.16400 0.16400 0.16400 0.16400 0.16400
060 'humulene_g'        204.35  12        'OQST'         290       0.00200 0.00200 0.00200 0.00200 0.00200 0.00200 0.00200 0.00200 0.00200 0.00200 0.00200 0.00500 0.00500 0.00500 0.00500 0.00500
061 'isolongifolene'    204.35  12        'OQST'         290       0.00200 0.00200 0.00200 0.00200 0.00200 0.00200 0.00200 0.00200 0.00200 0.00200 0.00200 0.00500 0.00500 0.00500 0.00500 0.00500
062 'longifolene'       204.35  12        'OQST'         290       0.00200 0.00200 0.00200 0.00200 0.00200 0.00200 0.00200 0.00200 0.00200 0.00200 0.00200 0.00500 0.00500 0.00500 0.00500 0.00500
063 'longipinene'       204.35  12        'OQST'         290       0.00200 0.00200 0.00200 0.00200 0.00200 0.00200 0.00200 0.00200 0.00200 0.00200 0.00200 0.00500 0.00500 0.00500 0.00500 0.00500
064 'muurolene_a'       204.35  12        'OQST'         290       0.01200 0.01200 0.01200 0.01400 0.01400 0.01400 0.01400 0.01400 0.01400 0.01400 0.01400 0.01600 0.01600 0.01600 0.01600 0.01600
065 'muurolene_g'       204.35  12        'OQST'         290       0.04000 0.04000 0.04000 0.04600 0.04600 0.04600 0.04600 0.04600 0.04800 0.04800 0.04800 0.05500 0.05500 0.05500 0.05500 0.05500
066 'selinene_b'        204.35  12        'OQST'         290       0.08000 0.08000 0.08000 0.18600 0.18600 0.18600 0.18600 0.18600 0.11500 0.11500 0.11500 0.10900 0.10900 0.10900 0.10900 0.10900
067 'selinene_d'        204.35  12        'OQST'         290       0.00200 0.00200 0.00200 0.00200 0.00200 0.00200 0.00200 0.00200 0.00200 0.00200 0.00200 0.00500 0.00500 0.00500 0.00500 0.00500
068 'nerolidol_c'       222.37  12        'OQST'         290       0.00200 0.00200 0.00200 0.00200 0.00200 0.00200 0.00200 0.00200 0.00200 0.00200 0.00200 0.00500 0.00500 0.00500 0.00500 0.00500
069 'nerolidol_t'       222.37  12        'OQST'         290       0.00200 0.00200 0.00200 0.00500 0.00500 0.00500 0.00500 0.00500 0.00200 0.00200 0.00200 0.00500 0.00500 0.00500 0.00500 0.00500
070 'cedrol'            222.37  12        'OQST'         290       0.00200 0.00200 0.00200 0.00200 0.00200 0.00200 0.00200 0.00200 0.00200 0.00200 0.00200 0.00500 0.00500 0.00500 0.00500 0.00500
071 'MBO_2m3e2ol'        86.13  13        'MBO'            0       1.00000 1.00000 1.00000 1.00000 1.00000 1.00000 1.00000 1.00000 1.00000 1.00000 1.00000 1.00000 1.00000 1.00000 1.00000 1.00000
072 'methanol'           32.04  14        'MEOH'           0       1.00000 1.00000 1.00000 1.00000 1.00000 1.00000 1.00000 1.00000 1.00000 1.00000 1.00000 1.00000 1.00000 1.00000 1.00000 1.00000
073 'acetone'            58.08  15        'ACTO'          50       1.00000 1.00000 1.00000 1.00000 1.00000 1.00000 1.00000 1.00000 1.00000 1.00000 1.00000 1.00000 1.00000 1.00000 1.00000 1.00000
074 'methane'            16.04  20        'OTHER'         46       0.00500 0.00500 0.00500 0.00500 0.00500 0.00500 0.00500 0.00500 0.00500 0.00500 0.00500 0.00500 0.00500 0.00500 0.00500 0.00500
075 'ammonia'            17.03  17        'NO'            61       1.51000 1.51000 1.51000 1.51000 1.51000 1.51000 1.51000 1.51000 1.51000 1.51000 1.51000 1.51000 1.51000 1.51000 1.51000 1.51000
076 'nitrous_OXD'        44.01  17        'NO'             0       0.00000 0.00000 0.00000 0.00000 0.00000 0.00000 0.00000 0.00000 0.00000 0.00000 0.00000 0.00000 0.00000 0.00000 0.00000 0.00000
077 'nitric_OXD'         30.01  17        'NO'            43       2.61000 2.61000 2.61000 2.61000 2.61000 2.61000 2.61000 2.61000 2.61000 2.61000 2.61000 2.61000 2.61000 2.61000 2.61000 2.61000
076 'nitrogen_diOXD'     46.01  17        'NO'            44       0.16700 0.16700 0.16700 0.16700 0.16700 0.16700 0.16700 0.16700 0.16700 0.16700 0.16700 0.16700 0.16700 0.16700 0.16700 0.16700
078 'acetaldehyde'       44.05  18        'BIDIR'         14       0.40000 0.40000 0.40000 0.40000 0.40000 0.40000 0.40000 0.40000 0.40000 0.40000 0.40000 0.25000 0.25000 0.25000 0.25000 0.25000
079 'ethanol'            46.07  18        'BIDIR'          0       0.40000 0.40000 0.40000 0.40000 0.40000 0.40000 0.40000 0.40000 0.40000 0.40000 0.40000 0.25000 0.25000 0.25000 0.25000 0.25000
080 'formic_acid'        46.03  18        'BIDIR'          0       0.06000 0.06000 0.06000 0.06000 0.06000 0.06000 0.06000 0.06000 0.06000 0.06000 0.06000 0.15000 0.15000 0.15000 0.15000 0.15000
081 'formaldehyde'       30.03  18        'BIDIR'         13       0.08000 0.08000 0.08000 0.08000 0.08000 0.08000 0.08000 0.08000 0.08000 0.08000 0.08000 0.20000 0.20000 0.20000 0.20000 0.20000
082 'acetic_acid'        60.05  18        'BIDIR'          0       0.06000 0.06000 0.06000 0.06000 0.06000 0.06000 0.06000 0.06000 0.06000 0.06000 0.06000 0.15000 0.15000 0.15000 0.15000 0.15000
083 'MBO_3m2e1ol'        86.13  20        'OTHER'          0       0.00100 0.00100 0.00100 0.00100 0.00100 0.00100 0.00100 0.00100 0.00100 0.00100 0.00100 0.00100 0.00100 0.00100 0.00100 0.00100
084 'MBO_3m3e1ol',       86.13  20        'OTHER'          0       0.00100 0.00100 0.00100 0.00100 0.00100 0.00100 0.00100 0.00100 0.00100 0.00100 0.00100 0.00100 0.00100 0.00100 0.00100 0.00100
085 'benzaldehyde'      106.12  20        'OTHER'         12       0.00100 0.00100 0.00100 0.00100 0.00100 0.00100 0.00100 0.00100 0.00100 0.00100 0.00100 0.00100 0.00100 0.00100 0.00100 0.00100
086 'butanone_2'         72.11  20        'OTHER'         19       0.01000 0.01000 0.01000 0.01000 0.01000 0.01000 0.01000 0.01000 0.01000 0.01000 0.01000 0.01000 0.01000 0.01000 0.01000 0.01000
087 'decanal'           156.27  20        'OTHER'         14       0.00100 0.00100 0.00100 0.00100 0.00100 0.00100 0.00100 0.00100 0.00100 0.00100 0.00100 0.00100 0.00100 0.00100 0.00100 0.00100
088 'dodecene_1'        168.32  20        'OTHER'          0       0.00100 0.00100 0.00100 0.00100 0.00100 0.00100 0.00100 0.00100 0.00100 0.00100 0.00100 0.00100 0.00100 0.00100 0.00100 0.00100
089 'geranyl_acetone'   194.31  20        'OTHER'         50       0.02500 0.02500 0.02500 0.02500 0.02500 0.02500 0.02500 0.02500 0.02500 0.02500 0.02500 0.02500 0.02500 0.02500 0.02500 0.02500
090 'heptanal'          114.19  20        'OTHER'         14       0.00100 0.00100 0.00100 0.00100 0.00100 0.00100 0.00100 0.00100 0.00100 0.00100 0.00100 0.00100 0.00100 0.00100 0.00100 0.00100
091 'heptane'           100.20  20        'OTHER'         10       0.00100 0.00100 0.00100 0.00100 0.00100 0.00100 0.00100 0.00100 0.00100 0.00100 0.00100 0.00100 0.00100 0.00100 0.00100 0.00100
092 'hexane'             86.18  20        'OTHER'         10       0.00100 0.00100 0.00100 0.00100 0.00100 0.00100 0.00100 0.00100 0.00100 0.00100 0.00100 0.00100 0.00100 0.00100 0.00100 0.00100
093 'met_benzoate'      136.15  20        'OTHER'          0       0.00100 0.00100 0.00100 0.00100 0.00100 0.00100 0.00100 0.00100 0.00100 0.00100 0.00100 0.00100 0.00100 0.00100 0.00100 0.00100
094 'met_heptenone'     126.20  20        'OTHER'         50       0.01000 0.01000 0.01000 0.01000 0.01000 0.01000 0.01000 0.01000 0.01000 0.01000 0.01000 0.01000 0.01000 0.01000 0.01000 0.01000
095 'neryl_acetone'     194.31  20        'OTHER'         50       0.00100 0.00100 0.00100 0.00100 0.00100 0.00100 0.00100 0.00100 0.00100 0.00100 0.00100 0.00100 0.00100 0.00100 0.00100 0.00100
096 'nonanal'           142.24  20        'OTHER'         14       0.00100 0.00100 0.00100 0.00100 0.00100 0.00100 0.00100 0.00100 0.00100 0.00100 0.00100 0.00100 0.00100 0.00100 0.00100 0.00100
097 'nonenal'           140.22  20        'OTHER'         14       0.00100 0.00100 0.00100 0.00100 0.00100 0.00100 0.00100 0.00100 0.00100 0.00100 0.00100 0.00100 0.00100 0.00100 0.00100 0.00100
098 'octanal'           128.21  20        'OTHER'         14       0.00100 0.00100 0.00100 0.00100 0.00100 0.00100 0.00100 0.00100 0.00100 0.00100 0.00100 0.00100 0.00100 0.00100 0.00100 0.00100
099 'octanol'           130.23  20        'OTHER'          0       0.00100 0.00100 0.00100 0.00100 0.00100 0.00100 0.00100 0.00100 0.00100 0.00100 0.00100 0.00100 0.00100 0.00100 0.00100 0.00100
100 'octenol_1e3ol'     128.21  20        'OTHER'          0       0.00200 0.00200 0.00200 0.00200 0.00200 0.00200 0.00200 0.00200 0.00200 0.00200 0.00200 0.00200 0.00200 0.00200 0.00200 0.00200
101 'oxopentanal'       100.12  20        'OTHER'         36       0.01000 0.01000 0.01000 0.01000 0.01000 0.01000 0.01000 0.01000 0.01000 0.01000 0.01000 0.01000 0.01000 0.01000 0.01000 0.01000
102 'pentane'            72.15  20        'OTHER'         10       0.00100 0.00100 0.00100 0.00100 0.00100 0.00100 0.00100 0.00100 0.00100 0.00100 0.00100 0.00100 0.00100 0.00100 0.00100 0.00100
103 'phenyl_CCO'        120.15  20        'OTHER'          0       0.00100 0.00100 0.00100 0.00100 0.00100 0.00100 0.00100 0.00100 0.00100 0.00100 0.00100 0.00100 0.00100 0.00100 0.00100 0.00100
104 'pyruvic_acid'       88.06  20        'OTHER'          0       0.01500 0.01500 0.01500 0.01500 0.01500 0.01500 0.01500 0.01500 0.01500 0.01500 0.01500 0.01500 0.01500 0.01500 0.01500 0.01500
105 'terpinyl_ACT_a'    196.29  20        'OTHER'          0       0.00100 0.00100 0.00100 0.00100 0.00100 0.00100 0.00100 0.00100 0.00100 0.00100 0.00100 0.00100 0.00100 0.00100 0.00100 0.00100
106 'tetradecene_1'     196.37  20        'OTHER'          0       0.00100 0.00100 0.00100 0.00100 0.00100 0.00100 0.00100 0.00100 0.00100 0.00100 0.00100 0.00100 0.00100 0.00100 0.00100 0.00100
107 'toluene'            92.14  19        'STRESS'       192       0.03000 0.03000 0.03000 0.03000 0.03000 0.03000 0.03000 0.03000 0.03000 0.03000 0.03000 0.03000 0.03000 0.03000 0.03000 0.03000
108 'carbon_monoxide'    28.01  16        'CO'             6       1.00000 1.00000 1.00000 1.00000 1.00000 1.00000 1.00000 1.00000 1.00000 1.00000 1.00000 1.00000 1.00000 1.00000 1.00000 1.00000
109 'butene'             56.11  20        'OTHER'          0       0.24000 0.24000 0.24000 0.24000 0.24000 0.24000 0.24000 0.24000 0.24000 0.24000 0.24000 0.24000 0.24000 0.24000 0.24000 0.24000
110 'ethane'             30.07  20        'OTHER'          8       0.01000 0.01000 0.01000 0.01000 0.01000 0.01000 0.01000 0.01000 0.01000 0.01000 0.01000 0.01000 0.01000 0.01000 0.01000 0.01000
111 'ethene'             28.05  19        'STRESS'         7       0.58000 0.58000 0.58000 0.58000 0.58000 0.58000 0.58000 0.58000 0.58000 0.58000 0.58000 0.58000 0.58000 0.58000 0.58000 0.58000
112 'hydrogen_cyanide'   27.03  19        'STRESS'         0       0.01500 0.01500 0.01500 0.01500 0.01500 0.01500 0.01500 0.01500 0.01500 0.01500 0.01500 0.01500 0.01500 0.01500 0.01500 0.01500
113 'propane'            44.10  20        'OTHER'         48       0.00100 0.00100 0.00100 0.00100 0.00100 0.00100 0.00100 0.00100 0.00100 0.00100 0.00100 0.00100 0.00100 0.00100 0.00100 0.00100
114 'propene'            42.08  20        'OTHER'          9       0.48000 0.48000 0.48000 0.48000 0.48000 0.48000 0.48000 0.48000 0.48000 0.48000 0.48000 0.48000 0.48000 0.48000 0.48000 0.48000
115 'carbon_2s'          76.14  20        'OTHER'          0       0.00200 0.00200 0.00200 0.00200 0.00200 0.00200 0.00200 0.00200 0.00200 0.00200 0.00200 0.00200 0.00200 0.00200 0.00200 0.00200
116 'carbonyl_s'         60.08  20        'OTHER'          0       0.00300 0.00300 0.00300 0.00300 0.00300 0.00300 0.00300 0.00300 0.00300 0.00300 0.00300 0.00300 0.00300 0.00300 0.00300 0.00300
117 'diallyl_2s'        146.28  20        'OTHER'          0       0.00100 0.00100 0.00100 0.00100 0.00100 0.00100 0.00100 0.00100 0.00100 0.00100 0.00100 0.00100 0.00100 0.00100 0.00100 0.00100
118 'A_2met_2s'          94.20  20        'OTHER'          0       0.00200 0.00200 0.00200 0.00200 0.00200 0.00200 0.00200 0.00200 0.00200 0.00200 0.00200 0.00200 0.00200 0.00200 0.00200 0.00200
119 'A_2met_s'           62.14  20        'OTHER'         71       0.05000 0.05000 0.05000 0.05000 0.05000 0.05000 0.05000 0.05000 0.05000 0.05000 0.05000 0.05000 0.05000 0.05000 0.05000 0.05000
120 'met_chloride'       50.49  20        'OTHER'          0       0.01000 0.01000 0.01000 0.01000 0.01000 0.01000 0.01000 0.01000 0.01000 0.01000 0.01000 0.01000 0.01000 0.01000 0.01000 0.01000
121 'met_bromide'        94.94  20        'OTHER'          0       0.00200 0.00200 0.00200 0.00200 0.00200 0.00200 0.00200 0.00200 0.00200 0.00200 0.00200 0.00200 0.00200 0.00200 0.00200 0.00200
122 'met_iodide'        141.94  20        'OTHER'          0       0.00100 0.00100 0.00100 0.00100 0.00100 0.00100 0.00100 0.00100 0.00100 0.00100 0.00100 0.00100 0.00100 0.00100 0.00100 0.00100
123 'hydrogen_s'         34.08  20        'OTHER'         74       0.00300 0.00300 0.00300 0.00300 0.00300 0.00300 0.00300 0.00300 0.00300 0.00300 0.00300 0.00300 0.00300 0.00300 0.00300 0.00300
124 'met_mercaptan'      48.11  20        'OTHER'          0       0.00100 0.00100 0.00100 0.00100 0.00100 0.00100 0.00100 0.00100 0.00100 0.00100 0.00100 0.00100 0.00100 0.00100 0.00100 0.00100
125 'met_propenyl_2s'   120.24  20        'OTHER'          0       0.00100 0.00100 0.00100 0.00100 0.00100 0.00100 0.00100 0.00100 0.00100 0.00100 0.00100 0.00100 0.00100 0.00100 0.00100 0.00100
126 'PPPP_2s'           148.29  20        'OTHER'          0       0.00100 0.00100 0.00100 0.00100 0.00100 0.00100 0.00100 0.00100 0.00100 0.00100 0.00100 0.00100 0.00100 0.00100 0.00100 0.00100
127 'A_2met_nonatriene' 150.26  19        'STRESS'         0       0.03000 0.03000 0.03000 0.03000 0.03000 0.03000 0.03000 0.03000 0.03000 0.03000 0.03000 0.03000 0.03000 0.03000 0.03000 0.03000
128 'met_salicylate'    152.15  19        'STRESS'       291       0.03000 0.03000 0.03000 0.03000 0.03000 0.03000 0.03000 0.03000 0.03000 0.03000 0.03000 0.03000 0.03000 0.03000 0.03000 0.03000
129 'indole'            117.15  19        'STRESS'         0       0.00200 0.00200 0.00200 0.00200 0.00200 0.00200 0.00200 0.00200 0.00200 0.00200 0.00200 0.00200 0.00200 0.00200 0.00200 0.00200
130 'jasmone'           164.24  19        'STRESS'        50       0.00100 0.00100 0.00100 0.00100 0.00100 0.00100 0.00100 0.00100 0.00100 0.00100 0.00100 0.00100 0.00100 0.00100 0.00100 0.00100
131 'met_jasmonate'     224.30  19        'STRESS'         0       0.01000 0.01000 0.01000 0.01000 0.01000 0.01000 0.01000 0.01000 0.01000 0.01000 0.01000 0.01000 0.01000 0.01000 0.01000 0.01000
132 'A_3met_3DCTT'      218.38  19        'STRESS'         0       0.00200 0.00200 0.00200 0.00200 0.00200 0.00200 0.00200 0.00200 0.00200 0.00200 0.00200 0.00200 0.00200 0.00200 0.00200 0.00200
133 'hexanal'           100.16  19        'STRESS'        14       0.01000 0.01000 0.01000 0.01000 0.01000 0.01000 0.01000 0.01000 0.01000 0.01000 0.01000 0.01000 0.01000 0.01000 0.01000 0.01000
134 'hexanol_1'         102.17  19        'STRESS'         0       0.01000 0.01000 0.01000 0.01000 0.01000 0.01000 0.01000 0.01000 0.01000 0.01000 0.01000 0.01000 0.01000 0.01000 0.01000 0.01000
135 'hexenal_c3'         98.14  19        'STRESS'        14       0.10000 0.10000 0.10000 0.10000 0.10000 0.10000 0.10000 0.10000 0.10000 0.10000 0.10000 0.10000 0.10000 0.10000 0.10000 0.10000
136 'hexenal_t2'         98.14  19        'STRESS'        14       0.06000 0.06000 0.06000 0.06000 0.06000 0.06000 0.06000 0.06000 0.06000 0.06000 0.06000 0.06000 0.06000 0.06000 0.06000 0.06000
137 'hexenol_c3'        100.16  19        'STRESS'         0       0.06000 0.06000 0.06000 0.06000 0.06000 0.06000 0.06000 0.06000 0.06000 0.06000 0.06000 0.06000 0.06000 0.06000 0.06000 0.06000
138 'hexenyl_ACT_c3'    142.20  19        'STRESS'         0       0.06000 0.06000 0.06000 0.06000 0.06000 0.06000 0.06000 0.06000 0.06000 0.06000 0.06000 0.06000 0.06000 0.06000 0.06000 0.06000
139 'homosalate'        262.35  20        'OTHER'          0       0.06000 0.06000 0.06000 0.06000 0.06000 0.06000 0.06000 0.06000 0.06000 0.06000 0.06000 0.06000 0.06000 0.06000 0.06000 0.06000
140 'Ehsalate'          250.33  20        'OTHER'          0       0.03000 0.03000 0.03000 0.03000 0.03000 0.03000 0.03000 0.03000 0.03000 0.03000 0.03000 0.03000 0.03000 0.03000 0.03000 0.03000
141 'pentanal'           83.13  20        'OTHER'         14       0.00100 0.00100 0.00100 0.00100 0.00100 0.00100 0.00100 0.00100 0.00100 0.00100 0.00100 0.00100 0.00100 0.00100 0.00100 0.00100
142 'heptanone'         114.19  20        'OTHER'         50       0.00100 0.00100 0.00100 0.00100 0.00100 0.00100 0.00100 0.00100 0.00100 0.00100 0.00100 0.00100 0.00100 0.00100 0.00100 0.00100
143 'anisole'           108.14  20        'OTHER'          0       0.00100 0.00100 0.00100 0.00100 0.00100 0.00100 0.00100 0.00100 0.00100 0.00100 0.00100 0.00100 0.00100 0.00100 0.00100 0.00100
144 'verbenene'         134.22  9         'OMTP'           0       0.00300 0.00300 0.00300 0.00100 0.00100 0.00100 0.00100 0.00100 0.00100 0.00100 0.00100 0.00100 0.00100 0.00100 0.00100 0.00100
145 'benzyl-acetate'    150.18  20        'OTHER'          0       0.00200 0.00200 0.00200 0.00200 0.00200 0.00200 0.00200 0.00200 0.00200 0.00200 0.00200 0.00200 0.00200 0.00200 0.00200 0.00200
146 'myrtenal'          150.22  9         'OMTP'          14       0.00300 0.00300 0.00300 0.00100 0.00100 0.00100 0.00100 0.00100 0.00100 0.00100 0.00100 0.00100 0.00100 0.00100 0.00100 0.00100
147 'benzyl-alcohol'    108.14  20        'OTHER'          0       0.00100 0.00100 0.00100 0.00100 0.00100 0.00100 0.00100 0.00100 0.00100 0.00100 0.00100 0.00100 0.00100 0.00100 0.00100 0.00100
148 'meta-cymenene'     132.21  9         'OMTP'           0       0.00300 0.00300 0.00300 0.00100 0.00100 0.00100 0.00100 0.00100 0.00100 0.00100 0.00100 0.00100 0.00100 0.00100 0.00100 0.00100
149 'ipsenol'           154.25  9         'OMTP'         289       0.00300 0.00300 0.00300 0.00100 0.00100 0.00100 0.00100 0.00100 0.00100 0.00100 0.00100 0.00100 0.00100 0.00100 0.00100 0.00100
150 'Napthalene'        128.17  20        'OTHER'          0       0.00100 0.00100 0.00100 0.00100 0.00100 0.00100 0.00100 0.00100 0.00100 0.00100 0.00100 0.00100 0.00100 0.00100 0.00100 0.00100
-END- ============================================================================================================================================================================================
Input file for global CO2:
'Indata_CTM3/surface/co2/co2_global_since_1750.nc'
-END- ===================================================================================================================================





----------------------------------------------------------------------------------------------------------------------------------
NOTES - CTM3
----------------------------------------------------------------------------------------------------------------------------------
NO:
  MEGAN uses emission factor for N and converts to NO internally. CTM3 does not - it uses
  emission factor for NO. NO is not part of G2012. MEGAN emission factors for N are 2, except
  for grass/crops which are higher (27-68). E.g. WRF scales up to 5-6 for tree canopy and
  30 for schrubs and 70 for grass/crops.
Original MEGAN: 17           2.     2.    2.     2.      2.     2.      2.      2.     2.     2.     2.    27.   27.   27.   40.   68.
New ala WRF:    17           6.     6.    6.     5.      5.     5.      5.      5.    30.    30.    30.    70.   70.   70.   70.   70.
  Nitrogen from soils are lower than typical literature values. Taking precipitation into account,
  increases emission by some 50%.
  Total value should be scaled up to literature values, which are in the range of 7.5-12 Tg(N)/yr, but
  they should be scaled a bit lower since about 20% of the soil emissions are assumed to be taken up
  by canopy (leaving emissions to the atmosphere in the range of 5-9.5 Tg(N)/yr).
  The fertilizer input should not be included here - it should be part of anthropogenic emissions.
  See e.g. Hudman et al (2012), ACP.
  Must check again when soil type has been included.
  Include 4% emitted as NO2. Add Mw(NO2)/Mw(NO) factor for NO2.
077 'nitric_OXD'         30.01  17        'NO'            43       0.96000 0.96000 0.96000 0.96000 0.96000 0.96000 0.96000 0.96000 0.96000 0.96000 0.96000 0.96000 0.96000 0.96000 0.96000 0.96000
151 'nitrogen_dioxide'   46.01  17        'NO'            44       0.06133 0.06133 0.06133 0.06133 0.06133 0.06133 0.06133 0.06133 0.06133 0.06133 0.06133 0.06133 0.06133 0.06133 0.06133 0.06133

NH3:
  MEGAN has zero NH3. After plotting MEGAN NO against GEIA NH3, we can assume MEGAN NO to
  be scaled to the GEIA NH3 amount (7.32Tg(NH3)/yr for vegetation(2.96Tg) + crops(4.36Tg)).

H2S:
  H2S from vegetation is about 1/20 of the older CTM3 emissions from Spiro et al (1992).
  Should consider scaling up.

RHO:
  Canopu loss and production factor, accounting for losses and transformations
  in the canopy. Set to 1.
----------------------------------------------------------------------------------------------------------------------------------



----------------------------------------------------------------------------------------------------------------------------------
Canopy charateristics
----------------------------------------------------------------------------------------------------------------------------------
 1 = canopy depth (height above ground is canopy height minus canopy depth)
 2 = leaf width
 3 = leaf length
 4 = canopy height
 5 = scattering coefficient for PPFD
 6 = scattering coefficient for near IR
 7 = reflection coefficient for diffuse PPFD
 8 = reflection coefficient for diffuse near IR
 9 = clustering coefficient (accounts for leaf clumping influence on mean
     projected leaf area in the direction of the suns beam)
     use 0.85 for default, corn=0.4-0.9; Pine=0.6-1.0; oak=0.53-0.67; 
     tropical rainforest=1.1
10 = leaf IR emissivity
11 = leaf stomata and cuticle factor: 1=hypostomatous, 2=amphistomatous,
     1.25=hypostomatous but with some transpiration through cuticle
12 = daytime temperature lapse rate (K m-1)
13 = nighttime temperature lapse rate (K m-1)
14 = warm (>283K) canopy total humidity change (Pa)
15 = cool (>= 283K) canopy total humidity change (Pa)
16 = normalized canopy depth where wind is negligible
17 = canopy transparency (included in MEGAN3)
----------------------------------------------------------------------------------------------------------------------------------
