Code gmax fmin phia phib phic phid phie phif phiAS phiAE flight Tmin Topt Tmax Dmax Dmin Dcrit RSO RO3 height dSGS dEGS ddSGS ddEGS LAImin LAImax LS LE
CF   140  0.1  0.8  0.8  0.8  0.8  1    1    0     0     0.006  0    18   36   0.5  3    1000  0   200 20     0    366  0     0     5      5      1  1
DF   150  0.1  0    0    1    0    20   30   0     0     0.006  0    20   35   1    3.25 1000  0   200 20     100  307  1.5 -2.0    0      4      20 30
NF   200  0.1  1    1    0.2  1    130  60   80    35    0.013  8    25   38   1    3.2  1000  0   200 8      0    366  0     0     4      4      1  1
BF   200  0.02 1    1    0.3  1    130  60   80    35    0.009  1    23   39   2.2  4    1000  0   200 15     0    366  0     0     4      4      1  1
TC   300  0.1  0.1  1    0.1  0    45   0    0     0.0105 0.01 12    26   40   1.2  3.2  8     0   200 1      123  213 2.57 2.57    0      3.5    70 20
SNL  60   0.01 1    1    1    1    1    1    0     0     0.009  1    18   36   1.3  3    1000  0   400 0.5    0    366  0     0     2      3      192 96
GR   270  0.01 1    1    1    1    0    0    0     0     0.009 12    26   40   1.3  3    1000  0   1000 0.3   0    366  0     0     2      3.5    140 135
MS   200  0.01 1    1    0.2  1    130  60   80    35    0.012  4    20   37   1.3  3.2  1000  0   200 2      0    366  0     0     2.5    2.5    1   1
WE   0    1    1    1    1    1    1    1    1     1     1      0    1    0    1    0    1000 50   400 0.5    0    366  0     0     0      0      0   0
TU   0    1    1    1    1    1    1    1    1     1     1      0    1    0    1    0    1000 500  400 0.5    0    366  0     0     0      0      0   0
DE   0    1    1    1    1    1    1    1    1     1     1      0    1    0    1    0    1000 1000 2000  0     0    366  0     0     0      0      0   0
W    0    1    1    1    1    1    1    1    1     1     1      0    1    0    1    0    1000 1    2000 0     0    366  0     0     0      0      0   0
U    0    1    1    1    1    1    1    1    1     1     1      0    1    0    1    0    1000 400  400 10     0    366  0     0     0      0      0   0
ICE  0    1    1    1    1    1    1    1    1     1     1      0    1    0    1    0    1000 1000 10000 0     0    366  0     0     0      0      0   0
