 T42L60: mean PSF ((P(I,J),I=1,128),J=1,64), YEAR 2004-2007
  681.49  680.11  678.73  677.36  676.00  674.64  673.29  671.97  670.66  669.37
  668.11  666.88  665.68  664.52  663.41  662.33  661.30  660.32  659.38  658.50
  657.67  656.89  656.16  655.48  654.84  654.25  653.71  653.21  652.75  652.32
  651.94  651.58  651.27  650.99  650.75  650.55  650.40  650.29  650.24  650.25
  650.32  650.47  650.70  651.01  651.42  651.94  652.56  653.30  654.16  655.14
  656.25  657.48  658.84  660.32  661.93  663.64  665.46  667.37  669.37  671.44
  673.56  675.73  677.92  680.12  682.32  684.48  686.61  688.67  690.66  692.56
  694.35  696.03  697.59  699.01  700.30  701.45  702.45  703.32  704.05  704.65
  705.13  705.50  705.77  705.95  706.05  706.08  706.07  706.02  705.94  705.84
  705.73  705.63  705.53  705.44  705.35  705.28  705.22  705.17  705.11  705.05
  704.98  704.88  704.76  704.60  704.40  704.14  703.83  703.45  703.00  702.47
  701.88  701.20  700.45  699.63  698.74  697.78  696.75  695.67  694.54  693.36
  692.14  690.88  689.59  688.28  686.95  685.60  684.23  682.86  722.01  717.93
  713.85  709.69  705.43  701.04  696.50  691.83  687.02  682.14  677.22  672.32
  667.51  662.86  658.45  654.33  650.58  647.24  644.36  641.97  640.08  638.70
  637.82  637.41  637.45  637.90  638.70  639.81  641.15  642.68  644.32  646.02
  647.73  649.40  650.99  652.47  653.85  655.12  656.30  657.43  658.56  659.75
  661.05  662.56  664.35  666.50  669.09  672.17  675.83  680.10  685.03  690.63
  696.91  703.87  711.48  719.71  728.48  737.75  747.42  757.40  767.59  777.87
  788.12  798.22  808.05  817.46  826.34  834.56  841.98  848.52  854.04  858.48
  861.76  863.82  864.66  864.26  862.66  859.93  856.16  851.47  846.00  839.94
  833.45  826.72  819.96  813.34  807.05  801.26  796.11  791.72  788.19  785.58
  783.94  783.27  783.53  784.68  786.61  789.23  792.38  795.91  799.64  803.39
  806.96  810.18  812.88  814.92  816.17  816.56  816.03  814.57  812.21  809.00
  805.02  800.38  795.21  789.64  783.80  777.81  771.79  765.85  760.06  754.47
  749.14  744.07  739.26  734.70  730.33  726.12  744.02  739.15  734.15  728.78
  722.82  716.10  708.54  700.11  690.89  681.02  670.69  660.16  649.68  639.54
  629.96  621.17  613.32  606.52  600.83  596.25  592.77  590.31  588.83  588.24
  588.47  589.47  591.18  593.55  596.55  600.11  604.17  608.64  613.40  618.34
  623.32  628.21  632.90  637.32  641.45  645.29  648.95  652.54  656.26  660.30
  664.90  670.28  676.65  684.21  693.13  703.52  715.48  729.02  744.13  760.73
  778.67  797.74  817.69  838.19  858.89  879.41  899.38  918.43  936.26  952.61
  967.27  980.12  991.04 1000.00 1006.94 1011.82 1014.58 1015.15 1013.45 1009.43
 1003.04  994.31  983.32  970.23  955.31  938.90  921.40  903.26  884.97  866.99
  849.79  833.81  819.42  806.98  796.77  789.03  783.95  781.66  782.25  785.72
  792.04  801.06  812.59  826.31  841.82  858.62  876.11  893.63  910.48  925.92
  939.27  949.91  957.38  961.33  961.63  958.33  951.65  941.97  929.79  915.68
  900.23  884.03  867.62  851.46  835.96  821.41  808.03  795.95  785.22  775.82
  767.67  760.62  754.49  749.04  718.83  710.27  702.80  696.09  689.75  683.38
  676.68  669.40  661.48  652.98  644.14  635.32  626.95  619.47  613.29  608.70
  605.84  604.66  604.93  606.25  608.06  609.78  610.84  610.85  609.58  607.12
  603.78  600.08  596.63  594.05  592.85  593.35  595.66  599.64  604.99  611.25
  617.91  624.50  630.66  636.18  641.06  645.46  649.69  654.12  659.14  665.12
  672.38  681.19  691.78  704.32  719.00  735.95  755.28  777.02  801.08  827.21
  854.91  883.45  911.89  939.10  963.92  985.27 1002.34 1014.68 1022.27 1025.49
 1025.01 1021.64 1016.17 1009.25 1001.27  992.39  982.55  971.52  959.07  945.02
  929.36  912.26  894.08  875.35  856.65  838.58  821.66  806.32  792.86  781.44
  772.17  765.06  760.16  757.50  757.17  759.29  764.02  771.54  781.98  795.42
  811.84  831.06  852.75  876.39  901.31  926.65  951.44  974.66  995.28 1012.33
 1025.03 1032.83 1035.45 1032.95 1025.66 1014.15  999.17  981.55  962.08  941.50
  920.40  899.22  878.29  857.82  837.97  818.87  800.67  783.54  767.65  753.15
  740.16  728.74  671.21  652.88  638.72  628.39  621.35  616.86  614.14  612.41
  610.99  609.41  607.49  605.36  603.46  602.53  603.46  607.15  614.33  625.40
  640.18  657.82  676.71  694.61  708.90  717.18  717.82  710.52  696.40  677.74
  657.45  638.39  622.86  612.36  607.46  607.88  612.70  620.50  629.65  638.64
  646.29  651.99  655.71  657.90  659.29  660.64  662.58  665.51  669.56  674.71
  680.86  688.01  696.34  706.29  718.52  733.85  753.05  776.67  804.79  836.87
  871.59  906.90  940.22  968.84  990.52 1003.93 1008.98 1006.83  999.43  989.13
  978.00  967.57  958.53  950.80  943.68  936.14  927.15  916.02  902.56  887.22
  870.94  854.95  840.55  828.82  820.48  815.81  814.62  816.32  820.04  824.80
  829.68  833.99  837.39  839.92  841.97  844.12  847.01  851.18  857.01  864.64
  873.99  884.82  896.84  909.71  923.12  936.75  950.28  963.29  975.25  985.56
  993.61  998.90 1001.14 1000.32  996.71  990.75  982.91  973.50  962.56  949.80
  934.69  916.64  895.16  870.15  841.98  811.55  780.10  749.09  719.89  693.67
  714.92  692.21  675.48  664.41  658.35  656.42  657.60  660.64  664.18  666.77
  667.10  664.25  658.04  649.25  639.64  631.67  628.07  631.33  643.22  664.31
  693.50  727.72  761.85  789.43  804.29  802.56  784.20  753.11  715.63  678.50
  647.13  624.81  612.75  610.36  615.72  626.05  638.22  649.38  657.49  661.74
  662.46  660.80  658.24  656.15  655.47  656.67  659.69  664.14  669.44  675.06
  680.75  686.71  693.74  703.12  716.44  735.21  760.53  792.65  830.60  872.06
  913.47  950.61  979.63  998.08 1005.64 1004.21  997.17  988.37  981.09  977.38
  977.78  981.43  986.44  990.43  991.25  987.51  979.00  966.63  952.24  938.03
  926.15  918.26  915.33  917.48  924.05  933.65  944.43  954.36  961.64  965.12
  964.47  960.26  953.69  946.19  939.04  933.00  928.24  924.36  920.70  916.69
  912.18  907.59  903.92  902.46  904.39  910.41  920.48  933.71  948.50  962.90
  975.11  983.99  989.29  991.64  992.19  992.03  991.67  990.76  988.00  981.48
  969.21  949.83  923.08  890.04  852.87  814.33  777.12  743.48  883.15  870.62
  861.39  855.18  851.72  850.84  852.38  855.95  860.51  864.16  864.15  857.38
  841.42  815.68  782.19  745.41  711.23  685.48  672.80  676.01  695.73  729.95
  773.43  817.71  852.37  868.13  860.42  831.43  788.89  742.70  701.50  670.80
  652.75  646.77  650.33  659.83  671.42  681.85  689.13  692.64  692.83  690.64
  687.10  683.20  679.87  678.17  679.17  683.78  692.41  704.77  719.82  736.15
  752.47  768.23  783.93  800.96  821.01  845.34  874.04  905.65  937.24  965.07
  985.64  996.87  998.90  993.99  985.77  978.02  973.69  974.21  979.40  987.72
  996.88 1004.58 1009.15 1009.96 1007.38 1002.48  996.59  991.00  986.70  984.35
  984.24  986.35  990.23  995.10  999.84 1003.21 1004.11 1001.96  996.95  990.10
  983.01  977.38  974.41  974.38  976.37  978.47  978.32  973.95  964.67  951.49
  936.98  924.57  917.49  917.91  926.35  941.47  960.32  979.00  993.74 1002.05
 1003.54  999.83  993.91  988.87  986.96  988.85  993.58  998.87 1001.86 1000.03
  992.04  978.03  959.50  938.71  917.95  899.07 1007.60 1009.45 1010.20 1009.45
 1007.23 1004.08 1001.02  999.27  999.78 1002.50 1005.85 1006.58 1000.43  983.61
  954.75  916.14  873.48  834.25  805.53  792.43  797.30  819.46  854.94  896.47
  934.40  959.03  963.85  948.07  916.67  878.06  840.76  810.93  791.47  782.27
  781.05  784.65  790.24  796.17  802.10  808.35  814.82  820.33  822.78  820.24
  812.38  801.28  791.08  786.49  791.06  806.07  830.01  858.98  887.96  912.53
  930.43  942.07  949.73  956.09  962.97  970.78  978.69  985.23  989.02  989.37
  986.55  981.68  976.42  972.40  970.64  971.16  973.02  974.74  975.06  973.63
  971.17  969.12  968.83  970.95  975.10  980.11  984.53  987.21  987.71  986.33
  983.91  981.47  979.75  978.98  978.84  978.67  977.92  976.55  975.25  975.22
  977.67  983.13  990.97  999.29 1005.33 1006.37 1000.87  989.28  974.15  959.39
  949.00  945.84  950.82  962.63  978.08  992.96 1003.38 1006.99 1003.75  995.72
  986.16  978.31  974.40  975.11  979.64  986.16  992.58  997.38 1000.03 1001.00
 1001.29 1001.85 1003.20 1005.29  988.58  988.37  987.89  987.79  988.04  987.95
  986.71  984.15  981.15  979.37  980.43  984.85  991.50  997.66 1000.12  996.65
  987.25  974.32  961.71  953.19  951.21  956.28  967.05  980.80  994.22 1004.24
 1008.69 1006.78  999.20  987.92  975.55  964.52  956.29  950.94  947.40  944.32
  941.18  938.97  939.86  945.87  957.27  971.45  983.29  987.26  980.45  964.70
  946.05  931.93  927.92  935.72  952.80  973.65  992.08 1003.87 1008.22 1007.18
 1003.77 1000.18  997.06  994.06  990.81  987.59  985.20  984.34  984.96  986.43
  988.00  989.39  990.76  992.11  992.81  991.75  988.15  982.54  976.80  973.18
  973.07  976.21  980.92  985.13  987.37  987.30  985.37  982.41  979.29  976.88
  975.96  977.01  979.88  983.63  986.93  988.61  988.30  986.56  984.58  983.59
  984.31  986.61  989.56  991.70  991.59  988.48  982.79  976.13  970.73  968.48
  970.08  974.79  980.77  985.95  988.95  989.47  988.15  986.08  984.31  983.58
  984.14  985.60  987.09  987.54  986.34  983.80  981.11  979.66  980.26  982.59
  985.51  987.72  973.56  968.21  964.59  964.34  967.52  972.55  976.97  978.58
  976.57  971.94  967.00  964.26  965.23  969.90  976.90  984.41  990.98  996.04
  999.64 1001.82 1002.29 1000.43  995.95  989.44  982.47  977.13  975.15  977.18
  982.46  989.17  995.30  999.56 1001.70 1002.15 1001.32  999.18  995.58  991.02
  987.00  985.62  988.34  994.85 1002.72 1008.42 1009.36 1005.51  999.57  995.27
  995.00  998.39 1002.48 1003.61  999.80  992.05  983.76  978.60  978.42  982.27
  987.08  989.63  988.63  985.47  983.05  983.52  986.64  990.07  991.40  990.22
  988.43  988.51  991.19  994.85  997.02  996.73  995.33  995.09  996.81  998.95
  998.93  995.63  990.48  986.39  985.35  987.12  989.78  991.46  991.73  991.48
  991.73  992.68  993.63  993.77  992.78  990.88  988.45  985.79  983.23  981.32
  980.77  981.97  984.54  987.35  989.18  989.54  989.03  988.75  989.31  990.23
  990.42  989.23  987.27  986.06  986.75  989.20  992.20  994.49  995.62  995.86
  995.35  993.67  990.37  985.84  981.55  979.12  979.08  980.25  980.51  978.25
  995.46  993.61  992.34  991.86  992.04  992.76  993.89  995.03  995.53  994.93
  993.31  991.19  989.11  987.12  984.95  982.34  979.52  977.16  976.00  976.31
  977.76  979.54  980.69  980.50  978.73  975.85  973.00  971.49  972.05  974.19
  976.41  977.26  976.49  975.25  975.17  977.03  980.13  982.65  982.91  980.36
  975.97  971.55  968.76  968.43  970.41  974.10  978.82  983.93  988.46  991.15
  990.88  987.54  982.43  977.70  975.39  976.60  981.07  987.28  992.82  995.31
  993.82  989.86  986.72  987.07  990.56  993.68  992.57  986.75  980.06  977.51
  980.81  986.86  990.60  989.79  987.03  986.74  990.35  994.69  995.12  990.37
  984.17  981.82  985.43  992.27  997.38  997.76  994.39  990.45  988.21  987.58
  987.30  986.83  986.93  988.53  991.42  994.13  995.20  994.50  993.31  993.22
  994.77  996.91  997.86  996.57  993.86  991.84  992.22  994.61  996.79  996.78
  994.84  993.26  993.84  995.84  996.65  994.52  990.57  987.74  987.90  990.19
  992.13  992.23  991.28  991.20  992.91  995.49  997.20  997.05  988.36  991.44
  994.48  994.76  991.44  986.30  982.20  980.93  982.40  985.31  988.32  990.72
  992.18  992.57  991.87  990.37  988.57  986.88  985.40  984.03  982.99  983.08
  985.34  989.90  995.21  998.64  998.31  994.72  990.23  987.00  985.38  984.12
  982.08  979.48  977.67  978.00  980.78  985.11  989.32  991.72  991.46  989.08
  986.18  984.45  984.55  985.90  987.29  987.75  986.98  985.45  984.36  985.39
  989.70  996.61 1003.29 1006.37 1004.68 1000.40  997.02  996.15  996.40  995.58
  993.73  993.44  996.68 1001.75 1004.19 1001.40  996.02  993.76  997.30 1002.97
 1004.00  997.75  989.05  985.50  989.73  996.98 1000.04  996.85  992.20  992.05
  996.95 1001.76 1001.17  995.35  989.48  988.32  991.90  996.18  997.40  995.54
  993.55  993.92  996.31  998.45  998.76  997.59  996.43  996.26  997.04  997.98
  998.00  996.19  992.73  989.58  989.32  992.63  996.91  998.41  996.24  993.48
  993.58  996.23  997.53  994.64  989.40  986.46  988.23  992.49  995.05  994.12
  991.53  989.90  989.72  989.52  988.38  987.39  983.08  985.46  988.49  989.38
  987.98  986.39  986.46  988.04  989.46  989.49  988.39  987.24  986.73  986.88
  987.65  989.36  992.36  996.44 1000.47 1002.65 1001.43  996.98  991.69  988.68
  989.21  991.54  992.80  991.96  990.64  990.89  992.95  995.34  996.75  996.98
  996.26  994.55  991.96  989.52  988.67  990.03  992.80  995.69  998.10 1000.09
 1001.58 1002.05 1001.20  999.61  998.22  997.36  996.88  997.09  999.07 1003.03
 1006.75 1006.57 1001.10  993.71  990.24  993.68 1001.00 1005.55 1003.50  997.78
  994.93  998.17 1004.09 1006.62 1004.02 1000.85 1002.30 1007.70 1010.92 1007.73
 1001.37  999.02 1003.33 1009.20 1009.74 1004.53  999.85 1000.79 1005.22 1006.51
 1001.63  994.79  992.82  997.88 1005.51 1009.20 1006.68 1001.51  998.64  999.22
 1000.25  998.86  996.11  995.34  997.49  999.37  997.67  993.62  991.81  994.47
  998.74 1000.65 1000.20 1000.61 1002.87 1003.74 1000.58  995.88  994.71  998.13
 1001.73 1001.32  998.26  997.21  999.58 1001.60  999.41  994.22  990.76  991.38
  993.46  992.80  988.61  984.19 1002.86 1003.31 1002.42 1000.68 1000.18 1002.29
 1006.07 1008.84 1008.45 1005.38 1002.24 1001.08 1001.60 1002.06 1001.42  999.75
  997.51  995.42  994.75  996.39  999.03  999.71  996.95  992.73  990.23  990.25
  991.08  991.43  991.93  993.22  994.13  993.32  991.73  991.83  994.24  996.52
  995.91  992.62  989.41  988.39  989.25  990.43  991.23  992.04  993.03  993.70
  993.93  995.08  998.60 1003.72 1007.10 1005.91 1001.02  996.40  995.32  997.52
 1000.26 1001.60 1002.49 1005.27 1010.17 1013.73 1011.73 1004.30  997.09  996.00
 1000.90 1005.42 1003.87  997.78  993.94  996.28 1001.67 1004.39 1003.46 1003.06
 1005.54 1007.50 1004.76  999.27  997.31 1001.13 1005.83 1005.80 1001.97 1000.20
 1003.60 1008.83 1010.12 1005.50  998.75  995.78  999.18 1005.59 1008.37 1004.76
  999.92 1001.65 1010.07 1014.77 1005.53  986.38  973.49  978.02  994.63 1007.72
 1008.88 1004.27 1003.24 1006.12 1006.91 1003.87 1001.62 1003.14 1005.15 1003.72
 1000.69 1000.75 1003.89 1004.91 1000.86  995.77  995.66 1000.93 1006.26 1007.20
 1004.78 1002.82 1008.16 1007.99 1004.80 1002.36 1002.19 1003.02 1003.33 1002.53
 1000.84  999.45 1000.12 1003.12 1006.33 1007.84 1008.38 1009.28 1009.20 1005.63
  999.79  996.81  999.74 1005.65 1009.30 1009.43 1008.76 1008.89 1008.40 1006.41
 1004.69 1004.57 1004.03 1000.55  995.54  993.22  995.24  998.88 1000.94 1001.47
 1002.52 1004.55 1005.78 1004.76 1002.37 1000.80 1001.03 1001.86 1001.56 1000.42
 1000.70 1003.76 1007.94 1010.01 1008.53 1005.45 1004.44 1008.00 1014.86 1019.72
 1017.36 1008.80 1001.75 1002.80 1010.03 1015.16 1013.39 1008.76 1007.99 1011.70
 1014.18 1011.44 1006.61 1005.34 1008.06 1009.79 1007.76 1005.21 1005.66 1007.20
 1006.20 1004.29 1006.02 1010.64 1012.04 1008.25 1005.21 1007.87 1012.67 1012.66
 1007.21 1002.11 1001.60 1005.01 1009.81 1013.87 1014.34 1009.20 1002.43 1003.01
 1013.77 1022.16 1009.96  977.72  950.37  951.53  978.95 1006.75 1013.43 1004.69
  999.47 1003.91 1009.29 1008.83 1006.18 1006.28 1007.10 1004.75 1001.17 1001.20
 1004.64 1006.33 1004.12 1002.01 1003.55 1006.15 1005.25 1001.74 1000.85 1004.38
 1007.11 1003.99 1001.86 1004.62 1008.34 1008.01 1005.02 1003.91 1005.53 1007.60
 1009.12 1010.04 1008.70 1004.31 1000.92 1003.78 1011.82 1017.67 1016.70 1012.53
 1010.91 1011.90 1011.54 1009.17 1008.23 1009.94 1010.85 1008.55 1005.88 1006.62
 1009.67 1011.07 1010.00 1008.93 1008.70 1007.54 1005.16 1004.11 1005.94 1008.73
 1009.78 1008.90 1007.96 1008.59 1011.11 1014.40 1016.21 1014.90 1011.24 1007.79
 1006.76 1008.93 1013.24 1016.48 1015.74 1012.68 1012.12 1014.10 1011.18  998.96
  985.98  985.94 1001.10 1018.21 1022.71 1014.79 1006.76 1007.35 1013.61 1017.30
 1015.93 1014.27 1015.55 1016.34 1013.21 1009.76 1011.15 1015.16 1015.75 1013.71
 1014.66 1017.60 1015.70 1009.44 1007.82 1013.39 1016.82 1011.76 1006.02 1009.52
 1018.75 1021.58 1015.00 1008.63 1009.73 1013.07 1010.25 1004.79 1008.34 1019.47
 1016.51  984.73  945.26  934.99  964.33 1005.32 1022.58 1014.66 1006.10 1008.74
 1013.41 1011.54 1007.59 1008.13 1011.25 1011.76 1009.73 1008.85 1009.74 1009.80
 1008.59 1008.95 1011.28 1011.05 1005.60  999.91 1000.36 1005.25 1017.46 1011.95
 1011.79 1017.93 1021.76 1018.35 1013.95 1015.39 1019.62 1019.99 1017.32 1017.15
 1019.36 1018.41 1013.10 1009.13 1010.79 1015.36 1017.62 1016.68 1015.23 1014.13
 1011.54 1007.63 1006.07 1008.70 1011.89 1011.45 1008.76 1008.07 1009.81 1011.08
 1011.19 1011.88 1012.71 1011.30 1008.25 1006.83 1007.42 1007.07 1005.08 1004.45
 1006.43 1008.37 1008.45 1008.42 1010.31 1013.55 1016.10 1015.69 1011.35 1006.32
 1006.52 1012.32 1015.71 1011.36 1005.85 1007.30 1010.96 1005.57  992.44  985.92
  993.94 1008.18 1015.32 1012.33 1006.80 1005.91 1009.37 1011.55 1009.50 1007.36
 1009.78 1013.62 1013.00 1010.38 1012.57 1017.24 1015.86 1009.85 1009.08 1013.94
 1014.69 1010.35 1010.99 1018.02 1019.77 1012.31 1007.99 1015.22 1024.13 1020.89
 1008.21 1001.65 1009.79 1023.85 1026.56 1014.61 1006.90 1018.26 1029.86 1006.72
  955.21  925.33  946.76  995.15 1022.85 1018.95 1010.71 1013.34 1017.22 1014.31
 1010.21 1010.58 1013.35 1014.96 1014.90 1014.05 1013.04 1011.93 1010.82 1010.92
 1013.06 1015.22 1015.11 1014.85 1017.51 1020.14 1018.02 1016.77 1017.65 1019.87
 1018.53 1013.44 1011.30 1015.17 1018.23 1013.59 1005.74 1004.73 1012.95 1023.10
 1027.11 1023.43 1016.69 1012.61 1012.82 1014.63 1016.08 1018.29 1021.35 1022.51
 1021.04 1019.98 1020.80 1021.12 1019.55 1017.82 1016.51 1013.99 1010.80 1010.08
 1012.26 1014.22 1014.86 1016.19 1017.92 1017.07 1014.51 1015.06 1019.01 1020.39
 1016.10 1010.24 1007.59 1009.50 1015.60 1022.02 1020.33 1008.27  998.21 1002.66
 1015.95 1021.90 1018.15 1016.72 1020.97 1020.11 1008.96  997.26  994.77 1000.45
 1008.77 1016.23 1020.14 1019.54 1017.59 1016.55 1014.37 1011.48 1012.72 1017.17
 1017.17 1012.77 1012.82 1017.31 1016.25 1010.06 1010.54 1018.15 1020.37 1015.42
 1014.79 1020.00 1020.52 1015.40 1014.52 1018.41 1018.17 1013.88 1013.52 1017.32
 1020.48 1023.56 1024.76 1016.72 1007.00 1016.32 1036.20 1021.00  961.17  916.50
  933.72  988.11 1019.07 1013.51 1006.54 1012.38 1016.74 1014.72 1014.31 1015.43
 1013.73 1012.11 1013.13 1013.70 1013.50 1015.25 1016.57 1014.15 1011.74 1013.75
 1017.34 1018.43 1018.24 1018.56 1016.85 1020.11 1018.53 1015.29 1014.26 1015.55
 1017.49 1019.51 1021.44 1022.58 1021.88 1017.93 1011.71 1009.18 1014.36 1021.16
 1021.58 1018.84 1020.17 1022.82 1020.81 1018.06 1020.93 1025.33 1023.98 1019.22
 1017.70 1019.28 1020.05 1020.12 1021.43 1022.40 1020.95 1019.08 1019.28 1019.89
 1018.63 1017.42 1018.46 1019.55 1018.55 1017.80 1019.13 1020.31 1020.57 1021.96
 1022.65 1018.98 1015.16 1017.28 1018.30 1006.64  990.41  990.64 1009.53 1025.40
 1024.14 1017.04 1016.96 1019.30 1015.95 1009.88 1006.86 1006.98 1010.23 1016.95
 1021.38 1018.36 1014.48 1017.56 1021.99 1020.10 1017.42 1019.93 1020.79 1015.79
 1014.02 1019.06 1021.05 1017.54 1018.37 1023.42 1021.99 1015.93 1016.02 1019.43
 1017.53 1016.29 1022.44 1024.56 1015.23 1011.91 1026.13 1036.19 1022.76 1007.26
 1012.97 1022.51 1015.71 1014.45 1031.86 1022.43  959.21  907.16  928.01  991.71
 1020.90 1008.89 1006.23 1018.70 1019.07 1011.88 1015.66 1021.34 1017.04 1013.55
 1017.02 1017.35 1014.22 1017.39 1022.95 1020.55 1015.08 1016.13 1019.53 1017.04
 1011.87 1011.91 1026.20 1026.86 1021.45 1018.03 1023.26 1028.55 1020.27 1001.42
  989.75  998.27 1022.27 1039.68 1032.54 1013.05 1007.21 1016.85 1022.77 1020.40
 1022.00 1027.19 1024.43 1016.32 1014.76 1018.72 1019.23 1016.88 1017.90 1020.96
 1020.69 1018.15 1018.66 1022.37 1024.10 1022.30 1021.03 1021.37 1019.24 1014.99
 1014.54 1017.65 1016.49 1008.82 1001.56 1000.64 1007.24 1019.49 1028.80 1024.27
 1009.89 1002.05 1003.29  997.97  982.69  977.49  993.95 1014.54 1018.35 1011.54
 1011.31 1017.51 1020.00 1018.56 1018.07 1016.90 1013.96 1013.51 1014.44 1011.07
 1007.74 1012.73 1019.49 1016.80 1011.16 1013.78 1018.47 1016.24 1014.06 1017.77
 1019.45 1016.40 1016.43 1018.25 1014.93 1013.11 1019.66 1023.22 1016.31 1013.90
 1023.82 1028.05 1017.15 1011.97 1024.54 1031.45 1015.65 1004.69 1023.13 1041.29
 1024.88 1007.98 1027.02 1029.62  959.56  889.17  907.32  983.92 1017.07 1000.21
 1004.66 1028.26 1024.21 1007.70 1013.46 1023.45 1016.97 1014.29 1023.76 1023.98
 1014.18 1014.38 1022.01 1021.75 1018.06 1021.25 1025.85 1024.19 1020.60 1021.75
 1024.73 1022.65 1018.46 1018.97 1027.23 1025.45  995.86  949.06  910.04  899.57
  930.15  988.06 1028.33 1028.41 1018.81 1022.79 1024.94 1015.94 1012.42 1020.03
 1024.86 1022.87 1022.52 1024.73 1025.13 1025.00 1026.54 1027.69 1026.19 1022.51
 1019.56 1019.85 1020.72 1018.50 1017.13 1020.81 1023.36 1020.15 1019.22 1023.69
 1020.47 1003.23  986.82  984.62  992.98 1003.38 1011.15 1010.95 1002.26  996.13
  998.86  998.06  984.06  972.94  984.31 1009.16 1021.72 1018.18 1016.24 1020.72
 1020.79 1015.76 1015.26 1018.26 1017.30 1015.82 1019.15 1021.28 1018.29 1017.08
 1018.70 1016.04 1012.20 1015.30 1019.81 1017.89 1015.79 1017.93 1017.23 1014.01
 1016.16 1019.18 1016.11 1015.88 1023.50 1025.70 1018.01 1014.86 1020.58 1023.90
 1021.53 1019.86 1020.18 1019.51 1017.80 1021.06 1033.28 1036.91 1013.64  998.18
 1030.77 1050.75  967.02  860.62  864.82  965.10 1022.94  998.76  991.08 1016.55
 1017.06 1003.81 1015.88 1026.58 1012.47 1007.62 1022.92 1026.14 1015.12 1014.96
 1021.80 1020.42 1017.68 1020.53 1022.66 1022.76 1024.14 1025.17 1017.80 1018.47
 1017.02 1018.66 1024.28 1010.28  968.18  920.65  876.82  841.70  850.10  921.66
 1004.56 1030.30 1018.03 1017.43 1024.34 1020.46 1015.60 1018.23 1021.59 1023.84
 1026.20 1025.10 1022.63 1023.20 1022.59 1019.57 1021.01 1025.20 1024.46 1022.39
 1023.89 1023.09 1019.67 1021.75 1025.08 1020.77 1017.84 1023.23 1018.21  990.49
  963.81  961.77  974.54  981.20  981.66  986.46  995.49 1003.55 1008.71 1005.43
  989.13  973.62  980.52 1007.11 1025.35 1022.03 1015.00 1016.83 1017.51 1012.12
 1011.81 1018.06 1018.87 1014.88 1017.17 1022.40 1020.43 1015.87 1016.69 1018.97
 1019.21 1020.11 1019.61 1016.15 1016.31 1020.10 1018.93 1016.04 1020.15 1024.24
 1020.55 1017.68 1019.32 1018.22 1018.15 1023.12 1021.35 1014.92 1021.82 1031.13
 1021.91 1015.13 1028.16 1031.46 1016.15 1012.73 1014.83 1008.94 1031.73 1057.67
  971.00  826.12  803.62  932.24 1045.66 1019.32  972.14  978.56  989.56  995.05
 1021.01 1034.77 1015.04 1006.25 1020.65 1023.59 1016.27 1020.76 1025.71 1020.93
 1019.82 1022.25 1019.15 1017.59 1020.47 1019.67 1022.24 1025.00 1020.20 1021.42
 1025.44  992.38  933.93  905.50  898.01  871.64  863.14  923.77 1008.23 1031.04
 1009.17 1003.08 1013.19 1020.58 1025.68 1024.69 1016.26 1014.59 1019.74 1017.62
 1013.99 1019.21 1021.45 1015.30 1016.22 1024.03 1023.08 1018.66 1022.97 1026.06
 1020.60 1018.74 1021.05 1015.87 1011.56 1018.83 1015.82  982.54  945.79  939.47
  954.98  961.35  955.24  959.43  981.15 1002.46 1007.37  997.91  983.71  975.32
  983.17 1004.77 1020.00 1016.92 1010.03 1013.58 1019.20 1017.27 1015.53 1018.82
 1017.79 1011.04 1009.17 1012.16 1011.62 1010.20 1013.58 1016.67 1015.69 1014.83
 1014.33 1012.76 1014.60 1018.78 1017.64 1014.63 1016.95 1018.38 1015.48 1016.64
 1018.41 1013.35 1015.77 1028.92 1025.35 1009.26 1017.03 1032.59 1018.48 1009.80
 1033.28 1031.19  998.16 1012.58 1051.26 1025.36 1000.25 1039.54  991.11  809.97
  731.09  856.92 1036.00 1039.75  962.63  946.89  961.48  975.74 1008.15 1031.23
 1020.85 1014.75 1023.34 1019.77 1014.19 1022.30 1024.24 1017.43 1021.14 1026.95
 1022.95 1021.63 1024.08 1021.64 1022.51 1023.52 1013.53 1019.93 1027.41  970.43
  885.56  867.22  900.23  903.97  896.43  942.47 1010.56 1031.03 1017.03 1002.39
  987.20  987.17 1012.50 1028.08 1016.80 1012.39 1023.29 1023.08 1016.02 1022.32
 1028.82 1022.18 1018.89 1023.04 1019.01 1012.46 1017.10 1021.30 1015.82 1014.81
 1020.49 1018.32 1013.41 1018.66 1018.57  993.80  962.42  952.99  960.76  958.89
  943.82  941.87  966.03  992.70  994.32  979.62  974.86  986.39 1002.40 1013.47
 1017.52 1015.61 1013.08 1015.14 1018.27 1016.67 1013.46 1013.65 1014.80 1014.68
 1015.44 1016.05 1014.81 1015.31 1017.36 1015.03 1010.68 1012.05 1016.24 1016.26
 1015.02 1015.92 1015.41 1014.31 1015.79 1014.88 1012.16 1018.13 1025.82 1018.89
 1011.86 1021.81 1025.61 1013.25 1016.78 1029.81 1015.83 1006.36 1031.30 1030.50
  998.43 1023.42 1065.25 1006.48  961.12 1051.37 1065.64  836.11  680.71  773.37
  987.85 1040.89  970.81  950.65  956.14  950.48  970.04 1004.04 1015.07 1018.53
 1024.09 1017.55 1013.81 1021.87 1020.67 1014.05 1019.54 1023.82 1019.74 1021.62
 1023.80 1019.73 1016.99 1017.48 1007.27 1016.74 1019.60  949.38  863.72  858.45
  901.84  906.31  895.49  929.75  982.58 1013.82 1028.52 1010.78  960.40  945.00
  990.77 1029.94 1020.70 1011.41 1024.00 1025.95 1014.73 1015.20 1020.93 1017.10
 1014.87 1019.76 1019.67 1016.41 1019.11 1020.17 1015.37 1015.87 1021.31 1020.05
 1015.00 1014.01 1011.27 1001.74  992.07  987.30  982.68  970.40  953.28  949.83
  970.50  993.35  989.84  972.23  974.67 1000.39 1021.01 1020.97 1014.42 1013.99
 1014.69 1011.73 1009.61 1010.49 1010.94 1010.25 1011.36 1015.03 1017.76 1016.54
 1014.30 1015.15 1016.23 1013.95 1012.56 1015.69 1018.47 1016.57 1013.74 1014.08
 1015.48 1016.13 1018.39 1019.90 1016.01 1014.66 1021.88 1022.42 1011.78 1012.16
 1022.68 1020.29 1016.41 1025.26 1022.37 1011.46 1023.05 1028.60 1008.18 1015.95
 1034.03  990.14  979.65 1091.69 1096.21  839.02  667.48  751.41  963.60 1027.92
  977.15  969.09  961.98  926.34  928.67  972.00 1003.12 1015.00 1020.31 1017.11
 1017.02 1022.74 1020.28 1017.25 1021.64 1019.07 1013.46 1018.36 1019.49 1013.29
 1018.60 1020.89 1015.02 1017.59  996.79  922.22  866.89  888.01  922.58  906.23
  893.39  923.96  958.71  986.49 1020.97 1015.87  962.14  944.60  991.22 1028.94
 1017.69 1004.69 1012.47 1016.38 1010.75 1010.41 1013.39 1012.07 1011.92 1016.00
 1018.04 1017.50 1017.90 1017.15 1015.47 1015.90 1014.88 1011.70 1012.53 1013.70
 1008.74 1005.99 1009.23 1005.51  992.01  980.75  975.60  976.42  986.63  997.05
  991.82  979.75  984.57 1005.70 1018.24 1012.84 1006.96 1010.41 1012.52 1008.33
 1007.37 1012.40 1015.22 1012.79 1009.76 1008.83 1008.32 1007.22 1007.36 1008.88
 1009.54 1010.87 1014.05 1014.10 1010.47 1009.67 1011.89 1013.66 1014.91 1013.47
 1012.02 1017.40 1019.26 1009.25 1008.09 1020.42 1019.58 1011.59 1019.76 1022.49
 1009.12 1013.60 1027.84 1017.18 1009.21 1024.19 1022.75 1006.52 1011.58 1023.20
 1034.43 1038.77  938.38  755.91  689.68  812.94  983.46 1001.52  960.49  968.85
  959.30  914.17  910.07  955.24  997.45 1016.26 1019.37 1015.47 1016.67 1019.77
 1016.67 1017.68 1022.95 1018.91 1015.30 1021.63 1021.05 1014.41 1017.90 1017.44
 1017.71 1020.21  981.53  899.69  857.58  883.77  905.26  887.52  889.65  921.39
  937.89  954.98  998.54 1018.45  992.33  979.64  999.97 1014.56 1012.56 1011.83
 1013.21 1013.35 1015.73 1018.10 1017.76 1016.99 1016.06 1013.83 1011.50 1010.51
 1010.50 1010.79 1012.44 1013.97 1010.65 1007.09 1012.43 1019.26 1017.31 1015.96
 1019.06 1011.81  995.96  990.06  993.37  993.85  994.04  998.33 1000.60 1000.13
 1004.32 1011.53 1011.98 1007.06 1007.69 1012.82 1012.41 1009.16 1011.02 1013.29
 1010.99 1009.30 1010.15 1009.98 1009.25 1010.29 1012.57 1013.10 1010.58 1010.21
 1013.27 1011.23 1006.78 1010.98 1015.73 1012.59 1012.98 1014.60 1007.50 1008.85
 1020.83 1015.81 1006.05 1018.16 1024.09 1010.64 1014.35 1024.36 1009.65 1006.80
 1027.21 1019.15 1000.62 1020.67 1031.68 1003.21 1009.45 1054.89 1026.32  894.08
  760.96  713.95  786.21  932.89 1008.71  973.48  948.84  966.14  959.81  928.28
  922.21  949.85  990.35 1020.34 1022.49 1012.26 1013.85 1017.91 1013.50 1013.49
 1018.24 1016.72 1016.14 1020.15 1018.05 1014.82 1015.42 1006.28 1008.07 1025.33
  999.65  916.75  858.36  862.03  877.23  873.48  879.49  894.84  901.54  927.70
  983.72 1018.75 1014.05 1005.36 1002.14 1001.40 1013.36 1024.53 1017.69 1010.92
 1014.69 1014.27 1010.20 1012.04 1013.68 1011.34 1010.66 1012.17 1013.17 1012.72
 1011.74 1013.28 1015.40 1013.76 1011.73 1011.05 1008.57 1008.95 1014.15 1013.67
 1006.41 1002.58 1001.19  998.67 1002.90 1015.08 1021.79 1017.43 1012.28 1012.76
 1013.03 1010.71 1011.44 1012.75 1008.76 1006.76 1010.53 1009.17 1003.28 1005.12
 1011.07 1012.28 1012.20 1012.85 1012.58 1013.06 1011.98 1009.54 1011.28 1012.50
 1011.00 1015.35 1016.83 1007.27 1008.55 1021.00 1015.07 1005.04 1016.92 1022.69
 1010.71 1013.15 1019.22 1007.09 1008.35 1024.93 1018.39 1009.13 1021.54 1018.87
 1005.29 1018.98 1023.94 1000.48 1011.95 1035.61  955.51  814.82  759.43  830.04
  959.60 1027.34  999.35  963.14  968.14  977.33  967.23  957.58  948.57  944.17
  971.47 1012.93 1020.88 1009.79 1014.38 1020.43 1015.29 1013.91 1015.99 1013.94
 1013.88 1014.22 1011.24 1013.55 1020.89 1008.71 1004.99 1026.97 1022.49  956.27
  891.79  883.22  901.17  900.78  886.37  875.44  882.30  927.07  991.05 1019.29
 1012.86 1011.54 1013.41 1010.27 1013.80 1014.92 1005.75 1005.02 1011.34 1007.54
 1003.71 1008.62 1010.37 1009.67 1013.32 1014.95 1013.71 1013.14 1009.97 1008.74
 1014.11 1015.14 1007.36 1000.87  998.63  998.23 1001.41 1006.86 1010.83 1011.72
 1008.71 1007.35 1015.45 1024.72 1016.77  994.11  981.96  992.62 1007.98 1009.76
 1006.16 1006.31 1005.31 1005.35 1009.85 1010.36 1008.05 1010.98 1011.36 1006.32
 1006.44 1007.34 1003.33 1005.37 1010.67 1008.25 1008.08 1012.74 1010.22 1008.42
 1012.18 1007.53 1004.85 1016.82 1018.53 1005.98 1008.54 1016.75 1009.68 1008.15
 1016.74 1013.21 1008.98 1016.44 1016.03 1009.62 1012.65 1014.75 1014.68 1017.67
 1009.96 1008.15 1028.52 1002.90  903.80  845.00  899.15 1005.57 1050.66 1014.81
  971.39  972.16  991.36  981.75  966.43  974.14  967.79  943.37  955.02  995.58
 1011.19 1009.43 1016.24 1016.95 1011.84 1015.69 1017.19 1012.82 1015.14 1016.21
 1011.41 1015.92 1019.80 1015.54 1009.45 1016.51 1009.97  966.89  925.29  924.24
  938.81  927.07  897.88  878.05  883.12  928.69  994.82 1021.78 1009.34 1010.02
 1023.24 1020.39 1009.42 1004.04 1004.66 1012.62 1017.51 1012.57 1012.64 1017.06
 1011.89 1007.71 1011.30 1008.32 1003.21 1008.10 1011.20 1006.41 1004.30 1003.18
  999.88 1003.35 1011.41 1011.22 1003.35  998.53 1001.93 1009.93 1014.48 1011.75
 1003.21  988.24  966.68  948.63  951.40  978.19 1004.20 1007.42 1002.34 1006.25
 1010.34 1009.11 1009.43 1009.90 1010.12 1012.74 1009.76 1003.71 1008.19 1013.12
 1007.46 1007.62 1014.09 1009.70 1006.20 1012.79 1009.58 1002.15 1011.57 1018.68
 1008.15 1004.84 1012.91 1012.10 1008.43 1011.58 1011.22 1009.49 1015.40 1019.05
 1013.28 1007.74 1009.66 1013.96 1011.75 1009.49 1017.46 1016.11 1001.14 1016.86
 1041.76  981.48  891.46  909.11 1008.78 1038.10  991.13  972.96  987.13  995.56
  994.17  982.01  973.07  982.61  982.11  962.31  963.57  988.04 1003.61 1012.13
 1017.64 1009.69 1005.92 1015.62 1015.45 1008.81 1015.10 1018.90 1010.73 1011.52
 1010.14 1010.94 1012.21 1007.28  986.96  960.21  947.72  953.92  953.41  929.37
  899.72  874.80  860.20  890.17  968.54 1021.74 1013.82 1003.41 1011.30 1009.96
 1006.36 1014.31 1019.36 1016.17 1011.60 1008.30 1011.01 1014.15 1008.51 1006.33
 1012.28 1009.88 1004.48 1012.13 1018.57 1010.01 1000.19  997.42  997.60 1002.48
 1010.66 1011.82 1002.47  992.01  992.06 1002.85 1010.32 1001.37  977.69  953.10
  942.76  951.62  973.02  996.63 1010.39 1009.07 1005.67 1010.14 1012.57 1008.70
 1007.14 1006.56 1004.28 1006.24 1008.97 1008.10 1011.48 1015.77 1011.38 1008.98
 1013.08 1009.86 1005.61 1012.67 1014.66 1006.38 1009.81 1019.29 1012.16 1003.29
 1010.93 1017.19 1011.70 1011.06 1016.30 1013.13 1007.23 1010.80 1014.60 1010.20
 1011.70 1020.86 1016.11 1005.74 1014.26 1017.48 1001.15 1011.81 1028.45  966.88
  899.07  943.75 1026.11 1000.71  956.08  998.97 1041.73 1011.76  986.29  995.69
  999.86  997.58  998.84  994.41  992.23  998.98 1006.89 1015.07 1017.04 1009.31
 1009.88 1017.69 1012.80 1006.54 1012.95 1015.04 1008.21 1007.21 1010.07 1006.98
 1017.37 1010.09  980.20  962.25  966.70  974.42  966.83  941.04  906.92  867.33
  836.98  862.15  951.25 1021.69 1019.65 1004.70 1007.71 1005.84 1007.52 1018.78
 1014.54 1001.47 1002.59 1007.23 1005.76 1006.64 1008.46 1009.67 1014.03 1014.93
 1012.08 1013.70 1011.68  999.81  994.83 1004.41 1010.94 1001.93  987.82  982.54
  985.43  989.35  995.47 1004.41 1006.02  995.49  982.12  976.05  983.12 1001.23
 1015.52 1015.62 1009.53 1006.88 1007.88 1009.10 1007.14 1004.93 1008.35 1011.57
 1007.71 1006.03 1010.89 1010.63 1004.99 1004.65 1006.26 1004.90 1006.95 1010.04
 1007.37 1007.47 1013.61 1012.35 1004.66 1005.38 1011.34 1012.12 1011.64 1011.90
 1008.46 1007.87 1014.18 1014.31 1005.86 1006.25 1015.38 1014.97 1009.53 1012.99
 1012.99 1005.61 1011.68 1020.26 1009.40 1008.71 1018.56  976.31  916.60  938.33
 1007.12 1012.20  993.47 1023.04 1034.89  993.77  978.90 1003.70 1012.48 1005.97
 1009.51 1012.73 1011.16 1012.85 1014.41 1013.22 1011.24 1011.23 1015.34 1015.49
 1009.98 1011.25 1014.49 1010.39 1011.97 1017.22 1011.63 1009.00 1022.16 1005.96
  966.90  952.85  962.21  969.69  967.70  948.79  915.06  883.99  870.61  895.33
  958.98 1007.76 1010.76 1011.79 1024.19 1019.27 1008.54 1008.43 1003.83 1002.28
 1016.64 1022.07 1011.09 1009.52 1015.26 1011.14 1005.68 1007.21 1008.75 1006.37
  997.47  984.12  983.40 1003.42 1021.11 1009.98  981.31  968.41  980.28  997.25
 1006.32 1010.51 1009.02 1003.81 1006.18 1015.44 1020.60 1021.01 1017.96 1009.14
 1002.76 1005.81 1009.64 1008.48 1007.20 1007.27 1009.02 1012.77 1012.04 1007.83
 1009.48 1010.96 1005.07 1005.00 1012.30 1010.32 1006.03 1012.58 1013.33 1003.49
 1005.97 1015.43 1009.46 1002.90 1011.98 1016.62 1008.21 1006.33 1011.71 1010.04
 1007.42 1012.63 1015.76 1013.04 1013.60 1013.33 1006.05 1005.19 1013.65 1014.08
 1010.34 1014.05 1011.97 1009.99 1024.49 1008.58  937.92  903.13  955.60 1013.15
  999.37  965.87  961.34  972.44  985.33  995.55 1000.33 1007.05 1013.69 1011.65
 1010.01 1014.82 1015.42 1009.77 1007.55 1011.64 1013.77 1008.22 1007.37 1017.31
 1017.14 1006.93 1013.42 1022.88 1001.92 1007.24 1015.17  983.36  940.36  932.72
  944.08  951.23  953.63  940.95  924.71  928.77  929.36  911.51  916.25  951.53
  978.52  995.43 1015.17 1018.06 1007.10 1007.90 1015.24 1017.39 1017.86 1013.12
 1006.04 1009.10 1013.68 1007.68 1003.08 1007.71 1011.53 1009.19 1002.25  992.69
  988.91  998.38 1012.15 1010.16  990.70  980.16  993.15 1007.67 1006.17 1003.93
 1009.13 1011.19 1011.65 1014.56 1010.97 1003.11 1002.21 1005.12 1007.48 1011.22
 1011.07 1007.81 1010.78 1012.61 1005.76 1003.90 1008.74 1006.85 1005.01 1010.73
 1011.98 1010.74 1015.72 1013.72 1005.01 1009.31 1016.25 1008.30 1004.24 1013.61
 1015.91 1010.68 1012.12 1011.83 1005.72 1009.51 1019.62 1015.67 1005.25 1009.45
 1018.05 1012.06 1005.73 1012.33 1015.21 1012.15 1018.00 1018.65 1006.11 1005.18
 1010.27 1004.43 1015.99 1027.29  965.37  887.38  904.91  974.96  967.18  916.05
  930.04  986.63 1004.72  992.94  999.40 1016.20 1016.61 1008.60 1008.62 1011.61
 1010.93 1010.81 1012.40 1013.49 1012.58 1009.08 1010.72 1017.54 1012.05 1000.20
 1004.49 1009.72  991.02  998.86  997.84  963.44  932.14  933.43  944.45  950.89
  952.49  942.56  948.20  973.86  939.83  848.81  823.85  891.22  952.65  965.70
  984.49 1007.93 1008.86 1011.11 1020.79 1011.86  995.55  997.74 1008.33 1008.75
 1004.08 1005.70 1012.28 1016.33 1015.24 1010.26 1004.44 1003.80 1008.00 1009.38
 1008.95 1009.17 1002.66  995.85 1003.42 1010.08  998.83  992.96 1006.18 1013.23
 1005.95 1002.75 1003.60 1002.81 1007.14 1012.62 1011.95 1011.00 1009.11 1004.49
 1007.64 1013.42 1007.80 1004.08 1011.48 1011.79 1005.52 1009.18 1012.01 1004.89
 1004.07 1009.54 1006.99 1004.49 1010.75 1013.98 1009.55 1007.32 1009.84 1011.00
 1008.80 1007.99 1010.90 1012.60 1011.38 1010.86 1010.56 1010.57 1011.04 1006.96
 1005.08 1014.83 1019.28 1009.20 1006.19 1009.41 1005.34 1012.23 1022.99 1005.10
  995.13 1019.35  999.83  926.56  910.16  958.11  967.09  941.44  963.91 1008.45
 1010.27 1000.72 1014.84 1021.74 1010.55 1009.23 1016.03 1012.36 1008.27 1013.87
 1015.97 1011.42 1011.78 1015.57 1015.07 1007.29  991.44  980.75  986.64  992.43
  983.18  983.78  977.93  959.91  951.27  957.31  959.81  957.49  948.32  935.02
  955.45  987.89  925.80  812.41  801.13  894.64  956.00  954.94  982.08 1021.40
 1015.75 1002.85 1008.66 1004.85 1002.41 1020.73 1024.15  998.04  986.65 1003.32
 1012.71 1005.36 1003.77 1005.76  998.64  997.03 1008.75 1012.98 1007.47 1011.32
 1016.93 1010.62 1006.35 1007.09  999.68  996.77 1009.07 1014.22 1006.75 1008.16
 1015.32 1014.45 1012.93 1011.96 1005.85 1005.35 1011.11 1008.73 1005.04 1010.39
 1012.78 1010.18 1013.31 1014.48 1008.51 1008.64 1012.46 1007.39 1004.10 1012.76
 1017.40 1009.11 1005.23 1012.90 1015.00 1007.24 1006.69 1012.42 1010.21 1009.88
 1017.96 1013.32 1000.16 1006.68 1019.33 1012.76 1006.65 1014.14 1016.42 1011.65
 1007.79 1002.14 1003.72 1013.69 1015.66 1017.85 1023.83 1005.95  984.93 1003.98
 1020.17  985.14  957.80  976.63  994.14  993.04 1002.47 1010.96 1005.47 1010.83
 1022.26 1013.14 1002.21 1011.81 1020.01 1012.77 1009.82 1015.19 1013.35 1007.47
 1009.73 1015.33 1012.44  995.03  968.94  956.37  967.58  981.17  977.88  971.23
  964.28  959.93  967.38  978.55  977.19  962.21  933.64  911.28  935.92  976.52
  940.16  868.89  877.70  940.28  952.58  945.98  990.03 1028.54 1013.12 1000.98
 1011.35 1014.22 1020.84 1029.23  998.93  957.39  967.28 1007.86 1014.49  998.17
 1005.28 1022.43 1016.80 1002.62  998.59  991.21  981.66  992.74 1014.63 1016.60
 1004.72 1000.91 1003.49 1007.59 1012.87 1011.24 1006.52 1011.09 1014.94 1008.34
 1005.97 1010.13 1007.38 1006.05 1014.82 1016.84 1008.72 1008.30 1012.89 1009.51
 1006.16 1009.73 1010.87 1009.28 1013.60 1017.93 1014.17 1011.87 1016.39 1015.30
 1008.42 1010.55 1016.23 1013.02 1012.46 1018.23 1014.30 1008.92 1015.63 1015.73
 1007.63 1014.58 1020.59 1006.95 1005.72 1022.38 1017.64 1001.12 1007.70 1021.90
 1024.79 1024.69 1013.61  990.85  981.33  984.03  985.67  998.83 1018.15 1014.81
  999.97 1001.49 1011.57 1015.61 1015.52 1013.23 1013.63 1018.77 1016.42 1007.92
 1010.35 1017.85 1014.72 1010.27 1013.89 1015.34 1012.21 1012.27 1012.89 1011.46
 1010.10  998.59  973.13  958.13  967.42  979.49  977.03  974.23  965.84  955.52
  960.34  976.85  983.03  966.54  934.15  915.74  937.13  967.21  957.43  938.73
  950.34  949.54  918.50  922.18  969.66  994.51  995.12 1013.38 1023.47 1007.62
 1004.37 1003.23  967.87  941.95  971.03 1013.42 1018.52 1009.78 1015.96 1021.80
 1013.07 1000.15  990.69  980.22  972.67  981.97 1003.82 1012.94 1003.63  997.48
 1003.72 1011.05 1011.82 1008.59 1006.99 1009.18 1008.71 1003.67 1005.65 1015.45
 1016.71 1009.43 1009.48 1014.05 1011.70 1009.57 1013.43 1012.61 1007.69 1011.45
 1016.87 1011.03 1007.30 1015.22 1015.42 1004.36 1005.71 1016.95 1015.98 1010.42
 1013.57 1014.73 1012.46 1015.60 1015.09 1008.52 1009.94 1016.14 1017.62 1017.87
 1012.86 1005.05 1012.17 1019.34 1003.84  999.95 1026.10 1028.65  993.47  975.62
  977.33  962.25  950.18  970.30  998.25 1008.80 1012.66 1016.01 1013.76 1011.02
 1012.74 1014.34 1013.75 1015.75 1019.60 1016.11 1008.37 1012.54 1023.55 1019.73
 1008.87 1012.13 1018.65 1013.93 1012.28 1018.46 1016.44 1010.06 1011.79 1008.59
  992.00  980.78  981.91  981.27  968.73  972.65  963.19  947.23  946.87  957.78
  959.06  946.10  934.19  940.90  960.77  965.10  954.49  959.34  962.91  926.95
  893.20  915.61  957.28  969.23  985.78 1019.03 1016.69  992.25 1000.57 1014.40
  992.18  969.33  971.27  976.88  986.42 1006.24 1007.68  982.21  959.54  951.49
  955.86  976.84 1001.88 1011.73 1013.38 1014.83 1008.88 1002.36 1006.41 1011.23
 1010.01 1011.12 1013.57 1012.10 1012.51 1014.76 1012.65 1011.92 1015.19 1012.45
 1006.77 1009.72 1014.06 1011.93 1013.39 1018.33 1015.72 1013.71 1018.96 1016.10
 1006.79 1010.83 1018.72 1013.19 1010.39 1018.10 1016.21 1008.31 1013.06 1018.14
 1011.84 1011.05 1018.61 1018.62 1014.25 1015.49 1016.12 1011.68 1010.21 1017.37
 1022.83 1011.59 1001.15 1020.23 1029.75  967.11  889.39  890.32  950.82  982.92
  980.23  994.77 1018.41 1019.29 1009.95 1007.85 1006.30 1004.52 1009.13 1013.83
 1012.24 1011.49 1013.97 1012.46 1010.93 1017.50 1021.22 1013.48 1010.81 1019.66
 1020.92 1012.56 1012.27 1016.55 1013.82 1011.83 1011.34  999.80  985.40  982.41
  979.98  970.64  959.53  946.97  927.85  924.10  938.21  943.41  931.56  922.60
  930.00  950.33  966.92  966.64  967.13  981.04  969.03  916.92  894.68  938.84
  987.25  992.47  995.12 1008.11 1003.49 1004.16 1029.16 1030.11  990.65  958.11
  944.71  941.25  965.75 1007.81 1017.59  991.57  956.19  914.00  891.96  928.47
  993.01 1019.12 1013.09 1011.28 1008.24 1003.39 1009.86 1014.49 1009.43 1011.77
 1016.74 1010.62 1010.56 1020.92 1016.30 1003.55 1009.28 1019.31 1014.68 1013.17
 1019.07 1014.38 1008.95 1016.11 1017.04 1008.13 1011.71 1021.22 1017.19 1013.32
 1020.72 1023.50 1018.66 1015.94 1011.17 1007.61 1016.62 1024.81 1018.00 1013.73
 1021.62 1024.38 1018.75 1017.40 1017.14 1013.23 1016.28 1024.58 1018.49 1004.96
 1016.82 1037.93  990.95  879.02  819.26  874.89  982.75 1030.52 1019.96 1017.26
 1023.14 1015.81 1007.81 1007.83 1005.71 1004.52 1012.81 1020.83 1018.61 1014.31
 1015.92 1019.85 1021.72 1019.62 1013.84 1012.26 1019.19 1022.87 1017.16 1014.89
 1018.39 1015.76 1012.75 1017.42 1010.21  983.61  967.13  971.97  974.43  966.65
  977.78  936.74  896.90  900.18  928.76  938.65  936.29  947.37  960.89  962.43
  963.47  973.71  989.19  992.01  956.40  904.88  905.25  969.66 1021.49 1011.62
  988.04  985.59  994.24 1010.41 1018.24  988.25  946.47  942.23  969.28  993.25
 1004.60 1005.60 1005.94 1013.47  985.56  895.94  829.50  858.56  935.93  972.76
  978.33  991.31  995.26  993.29 1009.37 1020.64 1010.03 1008.69 1017.87 1009.80
 1002.31 1015.24 1019.63 1008.29 1011.93 1022.54 1015.58 1011.05 1020.69 1018.83
 1008.78 1015.17 1022.05 1011.96 1009.24 1021.39 1022.29 1012.34 1012.31 1016.91
 1015.34 1014.48 1016.11 1015.94 1018.07 1021.52 1019.96 1018.14 1019.26 1016.82
 1014.34 1019.43 1023.54 1020.50 1019.41 1017.82 1007.12 1006.52 1027.36 1014.48
  921.68  827.94  835.54  942.17 1036.37 1039.33 1012.06 1010.91 1016.07 1010.96
 1011.49 1018.81 1019.46 1016.72 1018.51 1020.33 1019.33 1019.27 1020.20 1020.74
 1020.83 1018.24 1015.52 1019.77 1024.74 1018.55 1011.78 1019.02 1025.83 1018.43
 1014.78 1021.09 1011.84  985.75  972.76  977.76  984.42  988.47  996.60  966.05
  924.58  919.99  935.02  940.76  957.13  991.28 1002.25  982.36  974.04  984.27
  977.97  942.93  904.08  895.73  937.12  996.38 1003.94  960.17  935.84  950.71
  963.03  955.95  955.27  971.93  992.42 1006.03 1008.28  986.16  925.68  854.38
  833.30  867.73  868.85  798.49  762.94  828.30  921.81  951.43  956.52  979.76
  987.22  984.38 1007.95 1027.05 1011.72 1005.64 1023.27 1022.23 1006.28 1010.97
 1021.10 1015.82 1014.76 1019.51 1011.33 1006.06 1018.10 1022.51 1012.95 1015.67
 1026.46 1022.30 1014.47 1018.07 1019.82 1014.78 1015.22 1018.20 1016.50 1018.66
 1025.81 1025.07 1017.09 1014.76 1019.68 1023.49 1021.49 1017.04 1017.52 1022.71
 1023.16 1018.32 1016.75 1016.12 1012.98 1016.93 1013.98  958.38  865.72  827.95
  893.91 1002.61 1041.47 1012.27  998.29 1013.57 1020.68 1015.65 1017.27 1021.82
 1021.03 1019.91 1018.40 1013.58 1013.14 1018.61 1018.70 1013.34 1013.63 1018.60
 1021.01 1022.44 1022.39 1017.19 1015.00 1021.66 1024.11 1017.01 1015.35 1020.21
 1015.56 1001.82  987.34  970.40  963.62  982.63  962.71  977.97  972.53  971.53
  968.06  962.04  977.81 1004.64 1003.68  988.98  998.45 1006.81  968.06  911.17
  896.65  936.71  990.19  993.24  928.69  865.26  868.52  910.81  907.14  865.50
  884.37  988.86 1062.78  992.48  850.90  738.75  659.87  607.62  607.59  651.33
  669.06  649.68  685.77  817.56  943.75  967.94  965.26  989.81  996.01  986.61
 1007.41 1029.60 1013.20 1000.77 1019.75 1028.83 1015.14 1012.52 1018.77 1013.37
 1010.75 1019.37 1019.50 1012.67 1016.75 1021.95 1015.49 1011.53 1017.32 1019.89
 1016.90 1016.57 1018.21 1020.71 1025.77 1026.63 1020.32 1017.86 1022.36 1023.03
 1018.99 1019.82 1024.43 1024.87 1023.15 1025.40 1028.50 1025.00 1016.66 1013.50
 1018.21 1022.30 1021.31 1013.31  978.82  907.95  847.97  859.70  938.81 1005.91
 1010.12  999.74 1015.18 1029.37 1021.45 1015.31 1020.28 1017.90 1010.43 1014.49
 1021.92 1019.22 1016.77 1021.91 1022.66 1017.47 1019.06 1024.92 1022.78 1016.93
 1017.91 1022.80 1024.44 1022.26 1018.48 1016.73 1019.08 1021.08 1020.30 1015.97
  992.95  945.33  910.58  924.21  920.19  947.33  969.45  985.76  991.24  994.69
 1007.68 1013.85 1001.58 1000.60 1024.62 1028.62  986.74  949.80  960.42  992.54
  990.50  933.32  854.06  812.96  841.71  891.78  872.73  809.89  815.90  903.44
  926.77  789.95  624.64  533.89  499.58  491.44  513.61  555.53  571.32  571.10
  633.23  781.40  914.41  949.79  964.72 1005.78 1019.51 1002.50 1008.55 1026.33
 1014.97  997.54 1003.43 1011.34 1008.86 1014.15 1021.28 1012.78 1006.23 1017.60
 1025.95 1018.01 1012.74 1018.31 1020.38 1015.05 1012.56 1015.70 1019.19 1019.69
 1017.88 1017.32 1019.35 1019.89 1017.53 1016.42 1017.23 1017.95 1021.37 1026.94
 1025.66 1017.53 1016.26 1024.58 1027.22 1018.79 1014.79 1022.77 1027.29 1016.54
  999.78  978.30  932.16  867.85  837.07  874.13  945.98  986.00  990.31 1004.48
 1025.76 1017.46  994.84  999.82 1022.39 1024.30 1012.01 1014.65 1025.49 1024.16
 1018.40 1020.84 1023.57 1021.35 1022.19 1024.94 1020.71 1014.88 1018.27 1025.80
 1025.61 1019.52 1018.05 1022.75 1024.62 1020.31 1019.57 1023.35 1007.34  958.38
  909.72  898.61  935.65  944.68  960.32  976.46  991.36 1009.02 1024.70 1024.39
 1013.90 1013.84 1015.56  992.70  961.61  960.21  974.99  957.03  907.40  868.69
  854.37  857.23  881.31  911.38  897.51  835.75  785.78  763.45  718.58  639.53
  581.95  568.96  566.68  554.39  556.38  577.89  586.74  589.99  643.66  758.25
  858.31  898.22  938.40 1004.76 1038.46 1021.94 1008.63 1014.28 1012.48 1001.78
  996.10  992.34  993.12 1008.94 1025.01 1019.58 1007.41 1010.86 1018.56 1013.60
 1007.51 1013.69 1022.26 1021.59 1017.35 1017.79 1020.65 1020.89 1018.52 1015.77
 1013.84 1014.69 1019.88 1025.14 1023.63 1018.50 1019.55 1024.84 1023.16 1017.09
 1019.42 1025.69 1020.56 1012.02 1021.57 1038.67 1025.67  980.46  941.35  918.02
  879.13  822.54  799.01  841.61  918.40  968.49  985.24 1000.64 1008.82  989.05
  967.60  980.57 1013.00 1025.72 1019.02 1017.34 1020.07 1015.45 1010.74 1014.58
 1018.38 1015.66 1014.07 1017.57 1020.30 1020.73 1022.19 1022.47 1018.71 1016.49
 1021.34 1027.10 1023.73 1014.74 1014.71 1025.74 1027.45 1003.05  965.78  940.61
  971.82  988.24 1001.00 1004.78 1006.30 1009.88 1008.68 1000.28  996.20  995.67
  973.47  926.87  897.29  904.39  904.94  864.44  832.02  864.56  936.73  970.22
  955.30  950.47  962.45  933.69  840.00  728.79  655.73  649.36  707.63  777.91
  780.90  721.81  676.54  670.79  675.60  684.47  728.10  803.94  856.82  870.76
  900.15  966.31 1018.81 1020.30 1000.78  993.63  998.71 1005.95 1006.97  997.47
  989.79  999.83 1018.04 1021.71 1012.94 1010.40 1015.18 1015.92 1012.82 1012.82
 1014.67 1014.69 1014.74 1015.67 1014.93 1014.13 1017.50 1022.29 1022.03 1018.92
 1020.50 1024.99 1023.86 1018.38 1017.67 1021.34 1022.12 1022.83 1029.27 1031.74
 1020.87 1013.87 1027.98 1036.09  993.91  917.88  865.62  848.92  827.00  783.91
  764.69  808.66  894.34  959.72  981.48  988.74  994.77  987.14  971.74  971.02
  987.67 1005.16 1015.01 1019.55 1018.58 1014.01 1014.24 1020.26 1022.36 1017.53
 1014.51 1017.80 1022.11 1023.15 1021.91 1019.61 1017.59 1018.99 1023.47 1024.73
 1019.52 1014.74 1018.82 1027.74 1026.23 1006.41  980.06  966.14  968.00 1003.90
 1023.15 1022.90 1017.21 1008.73  989.22  966.91  963.16  974.53  968.58  936.58
  911.36  905.68  886.58  845.45  839.08  911.91 1016.82 1046.62  997.81  972.38
 1006.70 1023.90  944.32  813.73  731.39  739.30  815.10  886.23  889.53  848.45
  821.27  816.74  810.96  808.61  835.66  879.76  892.50  870.04  865.93  908.53
  966.45  993.71  987.12  975.67  979.60  998.00 1014.40 1013.69 1002.16  998.81
 1007.70 1015.45 1014.52 1011.93 1014.12 1018.34 1019.45 1015.79 1010.24 1008.50
 1012.58 1016.14 1013.27 1009.26 1012.63 1020.16 1021.23 1015.09 1011.04 1012.72
 1015.41 1017.18 1019.99 1021.21 1017.85 1016.02 1021.00 1024.33 1018.77 1016.50
 1025.42 1017.33  959.48  876.26  821.69  807.39  799.16  777.63  773.61  820.32
  901.01  960.23  975.23  978.19  992.29 1002.19  991.49  973.35  969.93  985.09
 1005.57 1017.60 1019.04 1017.71 1019.47 1021.63 1020.26 1018.23 1019.49 1020.93
 1018.24 1014.67 1015.68 1019.86 1022.20 1022.04 1021.48 1020.25 1018.27 1019.46
 1025.65 1027.86 1011.72  977.08  945.53  941.32  962.92  978.12  975.91  967.88
  973.41  985.70  980.96  960.64  954.55  975.99 1002.42 1009.54 1002.39  989.48
  960.79  922.91  916.81  966.74 1031.83 1041.14  999.24  978.55 1007.84 1036.69
 1004.23  925.95  862.03  838.98  841.03  845.92  854.47  879.63  911.93  916.57
  883.27  851.70  858.28  888.28  896.08  872.44  857.30  879.92  926.78  963.36
  973.36  968.81  968.74  981.05  998.92 1009.34 1008.28 1004.53 1006.26 1011.14
 1012.33 1008.78 1005.67 1007.22 1011.65 1013.71 1012.00 1011.31 1015.05 1018.98
 1017.44 1012.55 1010.60 1012.08 1012.71 1011.97 1012.86 1015.12 1016.14 1017.04
 1019.76 1020.84 1016.73 1012.20 1013.31 1016.59 1016.56 1017.79 1022.63 1012.33
  965.72  897.36  844.50  821.19  811.65  804.66  815.41  859.84  921.39  961.25
  968.16  969.37  983.90  998.42  994.52  979.25  973.06  981.88  994.77 1002.20
 1006.26 1011.18 1013.80 1010.17 1005.59 1008.57 1016.86 1019.31 1013.11 1008.80
 1013.82 1021.32 1021.58 1016.98 1016.29 1020.01 1021.29 1019.25 1020.08 1022.58
 1013.46  986.02  956.52  948.16  994.95  974.73  939.70  914.62  922.46  953.57
  973.57  967.14  957.75  970.76 1001.08 1025.48 1033.05 1028.79 1016.89 1001.73
  996.05 1007.37 1021.62 1018.40 1001.71  993.52  999.59 1003.15  992.72  977.13
  963.96  942.80  904.55  865.08  850.83  865.47  879.66  861.32  819.40  794.13
  808.41  846.62  874.37  878.82  878.40  891.70  917.70  944.76  964.63  974.66
  975.67  973.25  975.31  984.44  995.77 1003.77 1008.29 1011.96 1014.62 1013.52
 1008.82 1005.12 1006.12 1009.83 1011.40 1009.65 1007.89 1008.84 1011.62 1013.54
 1012.94 1010.72 1010.32 1014.61 1021.04 1022.54 1016.67 1010.40 1011.34 1017.63
 1021.70 1021.19 1019.84 1019.56 1019.52 1021.17 1024.23 1017.77  987.75  937.62
  888.55  856.90  843.70  845.64  864.95  901.58  941.44  964.70  968.35  967.66
  973.41  981.00  983.01  981.30  980.94  980.83  978.54  979.24  990.13 1007.35
 1016.94 1012.80 1005.84 1008.23 1016.74 1019.34 1014.57 1012.93 1018.56 1021.90
 1015.77 1008.73 1012.53 1023.25 1025.92 1017.26 1011.44 1018.51 1028.81 1026.62
 1013.36 1002.68 1019.72 1000.53  964.89  934.69  932.94  956.57  978.36  978.52
  967.50  966.72  979.58  991.96  994.46  993.45  998.78 1010.49 1020.40 1021.68
 1014.98 1007.37 1005.17 1005.72  998.74  980.69  964.35  965.73  982.98  993.63
  977.44  938.58  895.77  858.27  822.95  790.12  771.47  778.75  809.65  847.33
  875.25  890.95  901.38  911.34  923.06  940.65  965.06  986.11  989.46  975.48
  962.10  965.10  982.51  999.70 1006.99 1008.11 1010.74 1015.23 1016.54 1013.40
 1010.37 1010.75 1011.88 1009.29 1003.61 1000.48 1003.70 1010.32 1013.58 1010.83
 1006.75 1007.22 1011.41 1012.85 1008.75 1004.48 1006.14 1012.02 1015.21 1013.24
 1010.84 1012.60 1017.29 1019.70 1013.83  994.05  958.57  915.09  878.87  862.32
  867.69  888.82  916.91  943.94  963.30  971.94  972.65  971.49  972.37  975.73
  980.77  985.36  984.54  974.80  962.00  959.47  974.28  997.58 1012.19 1012.00
 1007.41 1009.06 1014.39 1014.89 1010.97 1010.81 1016.05 1018.36 1013.06 1008.15
 1012.63 1021.82 1022.80 1013.88 1008.45 1016.08 1029.13 1033.74 1029.13 1024.72
 1013.62 1020.39 1010.51  992.54  984.21  990.51  999.24  998.06  990.26  987.66
  992.89  996.41  990.68  981.57  981.20  993.03 1007.24 1010.74 1001.38  989.95
  987.51  993.21  995.52  985.92  969.84  960.96  966.55  980.33  987.47  975.56
  942.42  897.12  855.63  833.28  836.35  857.51  879.97  891.09  892.76  894.83
  901.51  909.55  917.83  931.52  952.52  970.49  971.57  957.64  948.12  959.15
  986.56 1010.02 1014.33 1004.37  995.29  994.44  997.68  999.26  999.98 1003.89
 1010.55 1014.45 1012.11 1006.94 1005.12 1008.08 1011.18 1009.76 1004.79 1001.25
 1002.03 1005.63 1009.31 1012.05 1013.29 1011.25 1005.45 1000.09 1001.47 1010.42
 1018.29 1012.00  984.47  940.60  894.14  860.09  848.75  862.32  893.92  929.93
  956.98  969.56  971.46  970.25  971.03  974.68  980.24  987.33  995.18  999.61
  994.14  977.24  957.44  947.41  952.44  965.97  977.41  983.68  990.07  999.83
 1008.11 1008.83 1004.28 1002.57 1006.89 1012.37 1013.99 1013.40 1014.47 1016.08
 1014.14 1009.67 1008.52 1011.89 1012.80 1006.15  998.64 1001.38 1010.80 1025.65
 1028.06 1020.28 1013.12 1012.17 1012.85 1008.90 1002.07  999.86 1004.83 1010.23
 1007.73  997.96  990.27  991.96  999.84 1003.12  994.89  980.07  970.85  975.02
  989.33 1002.62 1005.59  998.66  990.38  988.67  993.46  996.28  987.52  966.40
  943.26  930.59  931.69  937.71  936.16  923.41  907.20  896.57  893.14  893.25
  895.64  902.98  915.19  925.27  926.60  924.00  932.03  960.07 1000.11 1030.23
 1034.00 1016.10  994.59  982.26  979.61  981.48  985.57  993.19 1003.83 1012.46
 1013.95 1008.93 1003.39 1002.45 1005.85 1009.42 1009.94 1008.00 1006.43 1007.27
 1010.28 1013.57 1015.02 1014.09 1012.99 1015.40 1022.08 1026.83 1018.29  988.84
  943.17  896.72  865.76  859.02  875.39  905.50  935.96  955.97  963.04  963.00
  964.03  970.39  980.57  990.50  998.20 1004.84 1011.20 1013.95 1007.36  989.84
  967.70  950.87  945.26  950.00  960.96  975.50  992.51 1008.82 1018.60 1018.57
 1012.33 1007.20 1006.99 1009.59 1011.09 1010.58 1009.88 1010.46 1012.34 1015.15
 1017.68 1016.57 1008.51  996.02  988.52  994.22 1010.97 1010.93 1004.88  998.28
  998.08 1004.92 1011.85 1011.36 1003.46  995.25  992.90  995.53  997.40  995.24
  992.23  993.89 1000.89 1006.89 1004.21  992.14  979.05  975.56  985.82 1004.22
 1019.56 1023.92 1018.72 1012.06 1010.29 1012.44 1012.05 1004.22  990.64  977.46
  968.92  963.92  958.28  949.35  937.50  924.27  910.91  899.58  894.21  897.75
  908.17  918.55  923.63  926.48  936.44  959.39  990.03 1014.36 1021.39 1012.87
  999.88  991.78  990.16  991.76  994.27  998.15 1003.80 1008.97 1010.21 1006.78
 1001.95 1000.11 1002.78 1007.54 1010.39 1009.01 1004.09  998.17  993.76  992.25
  994.05  999.05 1006.19 1012.35 1011.49  996.84  966.24  926.58  891.87  875.75
  884.24  912.45  945.98  968.18  970.97  960.15  949.85  951.72  967.97  991.14
 1009.78 1016.96 1014.94 1011.44 1011.66 1013.61 1010.65  998.73  981.36  967.30
  963.99  972.96  989.93 1007.92 1020.67 1025.00 1021.64 1014.84 1009.83 1009.35
 1011.69 1012.41 1008.72 1002.38  998.19  999.90 1007.47 1017.16 1023.75 1023.54
 1016.91 1008.64 1004.59 1006.72 1002.33  985.29  967.69  958.66  963.88  981.19
 1001.25 1013.68 1014.45 1007.74 1000.62  996.69  994.81  992.55  990.11  990.15
  994.33 1000.39 1003.37 1000.16  992.86  987.28  988.03  994.70 1002.38 1005.99
 1004.60 1001.61 1000.92 1002.93 1004.13 1000.54  991.62  981.03  973.76  972.39
  975.47  978.45  976.38  967.13  953.38  941.74  938.86  946.84  960.79  971.12
  970.26  958.70  944.16  934.90  934.07  939.42  947.15  955.50  964.86  975.18
  984.51  990.47  992.84  994.07  996.91 1001.93 1007.21 1010.42 1010.92 1009.96
 1009.08 1008.60 1007.44 1004.16  998.05  989.61  980.26  971.72  965.32  961.05
  956.86  948.74  932.65  907.92  879.84  858.60  854.74  873.76  912.06  956.01
  987.07  993.17  977.95  957.68  949.10  959.37  983.33 1007.54 1019.54 1016.79
 1007.37 1001.94 1004.92 1011.77 1013.58 1005.39  991.24  981.30  983.89  999.29
 1018.80 1029.47 1022.62 1000.26  973.88  956.87  957.13  973.63  997.35 1016.19
 1022.15 1015.83 1004.48  995.96  993.99  997.43 1002.79 1007.34 1010.65 1013.42
 1015.03 1012.43 1010.62  989.31  966.06  950.57  948.71  959.89  977.92  994.81
 1005.39 1009.54 1010.22 1009.90 1008.67 1005.29  999.57  993.25  988.86  987.70
  989.05  991.12  992.74  994.03  995.62  997.53  998.88  998.89  997.96  997.49
  998.42  999.84  999.07  993.65  983.57  971.93  963.26  960.73  964.29  970.76
  975.89  977.29  976.20  976.58  981.77  991.13  999.00  997.42  981.41  953.04
  920.49  893.32  877.97  876.33  886.50  904.34  924.71  942.58  954.32  959.09
  959.37  959.63  963.82  973.30  986.24  998.96 1008.08 1012.27 1012.45 1010.54
 1008.02 1004.97 1000.23  992.21  980.07  964.30  946.58  928.71  911.67  895.38
  879.70  865.89  857.36  858.77  873.55  901.07  935.05  964.96  981.23  981.50
  972.40  964.67  965.96  976.53  989.86  997.79  997.03  991.89  990.56  998.32
 1012.89 1025.18 1025.65 1012.29  993.24  981.22  984.64 1001.76 1020.18 1023.06
 1000.38  957.23  910.85  879.93  875.80  899.55  942.61  989.70 1024.91 1039.18
 1033.69 1016.77  997.97  984.12  978.60  982.11  993.10 1007.61 1019.36 1021.55
 1028.55 1017.70 1000.10  982.09  968.83  962.33  961.66  964.54  969.18  975.14
  982.68  991.54 1000.15 1006.15 1007.81 1005.08  999.67  994.02  990.14  989.00
  990.52  994.03  998.61 1003.36 1007.59 1011.01 1013.59 1015.20 1015.09 1011.79
 1003.66  990.18  972.85  955.13  941.17  934.09  934.80  941.83  952.20  962.87
  971.89  978.56  982.52  982.73  977.31  964.76  945.71  923.60  903.82  891.54
  889.86  898.82  915.53  935.03  951.77  961.50  962.72  957.24  949.30  943.69
  943.89  950.87  963.00  976.99  989.43  998.18 1002.95 1004.70 1004.45 1002.27
  997.25  988.14  974.55  957.68  940.17  925.11  914.87  910.36  911.11  915.89
  923.45  932.90  943.42  953.87  962.69  968.60  971.57  973.23  975.97  981.20
  988.00  993.39  994.40  990.82  986.26  986.26  994.48 1009.47 1024.05 1028.77
 1018.29  996.23  973.88  963.54  971.55  994.17 1017.44 1022.81  997.99  946.11
  884.26  832.93  806.70  811.16  843.77  895.14  951.05  996.61 1021.96 1025.81
 1014.47  997.71  984.52  980.54  987.18 1001.62 1017.75 1028.42 1015.50 1017.43
 1014.88 1008.43  999.42  989.26  979.21  970.54  964.62  962.86  966.12  974.24
  985.72  998.01 1008.29 1014.49 1015.87 1013.17 1008.07 1002.51  998.09  995.76
  995.87  998.19 1002.15 1006.86 1011.22 1013.87 1013.36 1008.47  998.70  984.83
  968.94  954.08  943.31  938.77  941.06  949.00  960.04  971.04  979.15  982.55
  980.73  974.36  964.94  954.57  945.63  940.43  940.84  947.64  960.22  976.43
  992.97 1006.18 1013.14 1012.67 1005.65  994.72  983.27  974.39  970.03  970.62
  975.23  982.15  989.53  995.97 1000.70 1003.38 1003.72 1001.25  995.49  986.48
  975.21  963.74  954.81  950.89  953.37  961.90  974.38  987.47  997.67 1002.47
 1001.29  995.57  988.16  982.24  980.29  983.26  990.20  998.55 1005.07 1007.35
 1005.20 1000.92  998.08  999.42 1004.81 1010.67 1011.46 1002.98  985.83  966.21
  953.38  955.14  973.83 1003.75 1031.18 1038.61 1013.67  957.26  883.76  812.81
  760.43  735.26  739.32  769.65  819.21  877.60  932.93  975.24  999.77 1007.98
 1005.74 1000.11  996.57  997.65 1002.91 1009.89  992.66  994.58  999.18 1004.62
 1009.04 1010.98 1009.83 1005.95 1000.59  995.51  992.39  992.30  995.37 1000.80
 1007.13 1012.70 1016.19 1016.93 1015.07 1011.41 1007.08 1003.21 1000.68  999.91
 1000.85 1002.98 1005.42 1007.09 1006.99 1004.42  999.33  992.36  984.78  978.19
  974.09  973.38  976.16  981.61  988.25  994.35  998.46  999.81  998.52  995.49
  992.07  989.65  989.33  991.67  996.57 1003.31 1010.73 1017.51 1022.48 1024.89
 1024.64 1022.21 1018.45 1014.38 1010.85 1008.38 1007.15 1007.01 1007.68 1008.86
 1010.36 1012.05 1013.76 1015.14 1015.67 1014.71 1011.84 1007.14 1001.36  995.85
  992.21  991.68  994.72 1000.70 1007.98 1014.37 1017.89 1017.49 1013.49 1007.45
 1001.57  997.91  997.57 1000.40 1005.06 1009.58 1012.16 1012.00 1009.56 1006.27
 1003.60 1002.16 1001.21  999.03  993.99  985.98  977.22  971.79  974.04  986.35
 1007.18 1029.89 1043.49 1036.19 1001.01  940.23  865.00  790.34  729.33  690.21
  676.49  688.24  722.94  775.60  838.56  902.30  957.30  996.76 1018.36 1024.31
 1019.71 1010.34 1000.99  994.70  998.87  992.27  990.86  993.93  999.94 1006.96
 1013.16 1017.25 1018.66 1017.62 1014.89 1011.46 1008.25 1005.87 1004.53 1004.13
 1004.35 1004.85 1005.37 1005.82 1006.29 1006.93 1007.93 1009.36 1011.16 1013.12
 1014.87 1015.98 1016.09 1014.97 1012.65 1009.39 1005.70 1002.17  999.36  997.68
  997.29  998.11  999.87 1002.21 1004.80 1007.42 1009.98 1012.45 1014.82 1017.00
 1018.76 1019.83 1019.92 1018.89 1016.79 1013.98 1011.01 1008.56 1007.22 1007.38
 1009.07 1011.97 1015.45 1018.77 1021.26 1022.53 1022.54 1021.64 1020.42 1019.48
 1019.31 1020.03 1021.47 1023.17 1024.57 1025.24 1024.98 1023.91 1022.37 1020.76
 1019.39 1018.34 1017.48 1016.55 1015.36 1013.89 1012.36 1011.15 1010.64 1011.02
 1012.12 1013.45 1014.33 1014.13 1012.54 1009.70 1006.16 1002.62  999.67  997.56
  996.15  995.12  994.30  993.91  994.63  997.20 1001.80 1007.33 1010.94 1008.18
  994.14  965.25  921.17  865.63  805.58  749.11  703.36  673.40  662.06  670.33
  697.62  741.70  798.39  861.51  923.38  976.38 1014.76 1036.15 1041.84 1035.92
 1023.66 1010.05 1012.37 1002.88  996.02  992.50  992.22  994.53  998.41 1002.78
 1006.68 1009.47 1010.83 1010.79 1009.64 1007.78 1005.66 1003.67 1002.09 1001.10
 1000.77 1001.10 1002.03 1003.47 1005.28 1007.32 1009.42 1011.38 1013.02 1014.14
 1014.62 1014.38 1013.42 1011.83 1009.78 1007.50 1005.27 1003.36 1001.99 1001.35
 1001.56 1002.66 1004.58 1007.18 1010.22 1013.39 1016.32 1018.65 1020.07 1020.41
 1019.65 1017.99 1015.80 1013.58 1011.85 1011.03 1011.37 1012.88 1015.29 1018.12
 1020.80 1022.75 1023.55 1023.05 1021.37 1018.93 1016.27 1013.98 1012.55 1012.26
 1013.13 1014.97 1017.40 1019.97 1022.23 1023.86 1024.68 1024.68 1024.00 1022.85
 1021.50 1020.19 1019.15 1018.50 1018.28 1018.44 1018.78 1019.06 1018.98 1018.23
 1016.65 1014.17 1010.93 1007.21 1003.38  999.79  996.71  994.24  992.31  990.70
  989.07  986.97  983.88  979.12  971.82  960.92  945.33  924.17  897.09  864.68
  828.58  791.35  756.14  726.17  704.32  692.79  693.05  705.73  730.59  766.37
  810.66  859.90  909.63  955.11  992.20 1018.23 1032.46 1036.12 1031.84 1022.87
 1010.76 1005.98 1001.43  997.90  995.84  995.38  996.39  998.54 1001.40 1004.53
 1007.51 1010.03 1011.89 1012.99 1013.36 1013.08 1012.30 1011.18 1009.90 1008.60
 1007.40 1006.40 1005.65 1005.18 1004.97 1005.00 1005.21 1005.54 1005.92 1006.30
 1006.63 1006.87 1007.02 1007.10 1007.15 1007.21 1007.35 1007.62 1008.06 1008.70
 1009.51 1010.46 1011.47 1012.47 1013.36 1014.06 1014.55 1014.82 1014.93 1014.98
 1015.09 1015.37 1015.94 1016.82 1017.98 1019.32 1020.66 1021.80 1022.51 1022.65
 1022.13 1020.96 1019.28 1017.30 1015.28 1013.48 1012.15 1011.44 1011.42 1012.04
 1013.19 1014.68 1016.31 1017.89 1019.24 1020.28 1020.96 1021.29 1021.35 1021.18
 1020.88 1020.48 1019.99 1019.39 1018.63 1017.63 1016.31 1014.63 1012.57 1010.15
 1007.43 1004.47 1001.36  998.12  994.75  991.15  987.14  982.50  976.91  970.04
  961.55  951.15  938.61  923.87  907.03  888.44  868.68  848.59  829.19  811.66
  797.17  786.86  781.67  782.30  789.14  802.18  820.97  844.62  871.76  900.66
  929.36  955.89  978.55  996.13 1008.10 1014.60 1016.40 1014.67 1011.45 1009.92
 1008.26 1006.76 1005.66 1005.08 1005.09 1005.66 1006.72 1008.15 1009.80 1011.52
 1013.15 1014.58 1015.73 1016.53 1016.97 1017.06 1016.85 1016.40 1015.79 1015.09
 1014.38 1013.73 1013.19 1012.81 1012.62 1012.60 1012.77 1013.09 1013.52 1014.04
 1014.59 1015.14 1015.64 1016.06 1016.37 1016.55 1016.60 1016.51 1016.29 1015.95
 1015.52 1015.03 1014.50 1013.98 1013.51 1013.13 1012.88 1012.78 1012.87 1013.15
 1013.62 1014.24 1014.99 1015.80 1016.63 1017.41 1018.08 1018.62 1019.00 1019.21
 1019.28 1019.24 1019.13 1019.02 1018.93 1018.91 1018.97 1019.11 1019.31 1019.55
 1019.79 1019.99 1020.11 1020.12 1019.99 1019.72 1019.31 1018.78 1018.13 1017.38
 1016.56 1015.69 1014.78 1013.83 1012.86 1011.88 1010.87 1009.83 1008.75 1007.60
 1006.34 1004.91 1003.25 1001.28  998.91  996.04  992.59  988.49  983.69  978.21
  972.10  965.46  958.47  951.37  944.44  938.00  932.40  927.99  925.05  923.86
  924.58  927.29  931.95  938.38  946.31  955.34  965.00  974.77  984.12  992.58
  999.76 1005.41 1009.41 1011.79 1012.73 1012.51 1016.07 1014.69 1013.36 1012.13
 1011.03 1010.10 1009.36 1008.82 1008.48 1008.34 1008.36 1008.54 1008.84 1009.23
 1009.70 1010.21 1010.74 1011.28 1011.81 1012.34 1012.85 1013.35 1013.83 1014.31
 1014.78 1015.25 1015.71 1016.17 1016.62 1017.06 1017.47 1017.85 1018.19 1018.47
 1018.69 1018.84 1018.92 1018.91 1018.82 1018.66 1018.43 1018.14 1017.81 1017.44
 1017.06 1016.69 1016.34 1016.03 1015.77 1015.58 1015.46 1015.42 1015.46 1015.57
 1015.76 1016.01 1016.30 1016.64 1017.00 1017.37 1017.74 1018.10 1018.43 1018.73
 1018.99 1019.20 1019.36 1019.46 1019.51 1019.50 1019.44 1019.32 1019.15 1018.93
 1018.66 1018.36 1018.03 1017.69 1017.34 1017.01 1016.69 1016.42 1016.20 1016.03
 1015.95 1015.94 1016.02 1016.19 1016.44 1016.77 1017.16 1017.62 1018.11 1018.61
 1019.12 1019.59 1020.02 1020.38 1020.66 1020.84 1020.92 1020.90 1020.79 1020.60
 1020.36 1020.09 1019.83 1019.60 1019.44 1019.36 1019.40 1019.55 1019.83 1020.21
 1020.67 1021.18 1021.69 1022.17 1022.56 1022.81 1022.88 1022.74 1022.38 1021.78
 1020.95 1019.93 1018.74 1017.44 1012.48 1011.85 1011.24 1010.66 1010.12 1009.61
 1009.13 1008.71 1008.32 1007.99 1007.70 1007.46 1007.26 1007.11 1007.01 1006.95
 1006.93 1006.95 1007.00 1007.09 1007.20 1007.34 1007.50 1007.68 1007.87 1008.08
 1008.29 1008.51 1008.74 1008.96 1009.18 1009.40 1009.61 1009.81 1010.00 1010.19
 1010.36 1010.52 1010.66 1010.80 1010.93 1011.04 1011.14 1011.24 1011.33 1011.41
 1011.48 1011.55 1011.62 1011.68 1011.74 1011.81 1011.87 1011.93 1012.00 1012.06
 1012.12 1012.19 1012.26 1012.32 1012.39 1012.46 1012.52 1012.58 1012.65 1012.71
 1012.77 1012.83 1012.89 1012.95 1013.02 1013.08 1013.15 1013.23 1013.32 1013.41
 1013.51 1013.63 1013.76 1013.91 1014.07 1014.26 1014.46 1014.69 1014.93 1015.20
 1015.48 1015.78 1016.11 1016.44 1016.80 1017.16 1017.53 1017.91 1018.28 1018.66
 1019.02 1019.38 1019.72 1020.04 1020.34 1020.61 1020.85 1021.06 1021.23 1021.35
 1021.44 1021.48 1021.47 1021.41 1021.30 1021.15 1020.94 1020.68 1020.37 1020.01
 1019.61 1019.16 1018.67 1018.14 1017.58 1016.99 1016.37 1015.74 1015.09 1014.43
 1013.77 1013.12
 T42 Area in km^2 (AREAXY(1,J),J=1,64)
  3.5531  8.2627 12.9597 17.6266 22.2518 26.8243 31.3332 35.7677 40.1174 44.3720
 48.5213 52.5555 56.4651 60.2407 63.8735 67.3547 70.6762 73.8301 76.8088 79.6054
 82.2132 84.6259 86.8379 88.8440 90.6393 92.2196 93.5813 94.7209 95.6359 96.3240
 96.7837 97.0138 97.0138 96.7837 96.3240 95.6359 94.7209 93.5813 92.2196 90.6393
 88.8440 86.8379 84.6259 82.2132 79.6054 76.8088 73.8301 70.6762 67.3547 63.8735
 60.2407 56.4651 52.5555 48.5213 44.3720 40.1174 35.7677 31.3332 26.8243 22.2518
 17.6266 12.9597  8.2627  3.5531
 T42 Longitude (mid_pnt deg.) (XDGRD(J),I=1,128)
    0.00    2.81    5.62    8.44   11.25   14.06   16.88   19.69   22.50   25.31
   28.12   30.94   33.75   36.56   39.38   42.19   45.00   47.81   50.62   53.44
   56.25   59.06   61.88   64.69   67.50   70.31   73.12   75.94   78.75   81.56
   84.38   87.19   90.00   92.81   95.62   98.44  101.25  104.06  106.88  109.69
  112.50  115.31  118.12  120.94  123.75  126.56  129.38  132.19  135.00  137.81
  140.62  143.44  146.25  149.06  151.88  154.69  157.50  160.31  163.12  165.94
  168.75  171.56  174.38  177.19  180.00 -177.19 -174.38 -171.56 -168.75 -165.94
 -163.12 -160.31 -157.50 -154.69 -151.88 -149.06 -146.25 -143.44 -140.62 -137.81
 -135.00 -132.19 -129.38 -126.56 -123.75 -120.94 -118.12 -115.31 -112.50 -109.69
 -106.88 -104.06 -101.25  -98.44  -95.62  -92.81  -90.00  -87.19  -84.38  -81.56
  -78.75  -75.94  -73.12  -70.31  -67.50  -64.69  -61.88  -59.06  -56.25  -53.44
  -50.62  -47.81  -45.00  -42.19  -39.38  -36.56  -33.75  -30.94  -28.12  -25.31
  -22.50  -19.69  -16.88  -14.06  -11.25   -8.44   -5.62   -2.81
 T42 Latitude (mid_pnt deg.) (YDGRD(J),J=1,64)
  -87.86  -85.10  -82.31  -79.53  -76.74  -73.95  -71.16  -68.37  -65.58  -62.79
  -60.00  -57.21  -54.42  -51.63  -48.84  -46.04  -43.25  -40.46  -37.67  -34.88
  -32.09  -29.30  -26.51  -23.72  -20.93  -18.14  -15.35  -12.56   -9.77   -6.98
   -4.19   -1.40    1.40    4.19    6.98    9.77   12.56   15.35   18.14   20.93
   23.72   26.51   29.30   32.09   34.88   37.67   40.46   43.25   46.04   48.84
   51.63   54.42   57.21   60.00   62.79   65.58   68.37   71.16   73.95   76.74
   79.53   82.31   85.10   87.86
 T42 Altitude (edge km) (ZOFL(L),L=1,58) YEAR 2004-2007
   0.000   0.091   0.230   0.331   0.455   0.605   0.782   0.986   1.219   1.481
   1.774   2.096   2.450   2.834   3.250   3.695   4.171   4.676   5.212   5.775
   6.366   6.984   7.627   8.294   8.986   9.703  10.448  11.226  12.043  12.903
  13.807  14.755  15.751  16.801  17.918  19.111  20.377  21.717  23.067  24.427
  25.797  27.180  28.575  29.983  31.405  32.844  34.302  35.785  37.312  38.927
  40.679  42.629  44.862  47.486  50.654  54.558  59.428  75.215
 T42 mean TEM (T(L),L=1,57), YEAR 2004-2007
  278.91  278.60  278.08  277.56  277.00  276.34  275.56  274.72  273.78  272.75
  271.53  270.01  268.17  266.05  263.65  260.99  258.17  255.12  251.71  247.99
  243.97  239.71  235.31  230.93  226.84  223.32  220.49  218.27  216.20  213.89
  211.30  208.90  207.64  208.10  209.40  211.13  212.98  214.61  216.13  217.84
  219.74  221.77  223.85  226.04  228.63  231.87  235.65  239.70  243.98  248.47
  253.14  257.93  262.26  264.97  263.46  254.04  233.53
 T42 ETAA: L=1,58
   0.000   0.659   4.673   8.554  13.859  20.638  28.877  38.509  49.418  61.443
  74.388  88.024 102.095 116.328 130.432 144.111 157.064 168.995 179.614 188.648
 195.843 200.974 203.845 204.299 202.222 197.551 190.277 180.452 168.195 153.798
 137.753 120.774 103.761  87.651  73.066  60.180  49.067  39.603  31.964  25.799
  20.823  16.806  13.565  10.948   8.837   7.132   5.757   4.646   3.740   2.985
   2.348   1.806   1.345   0.956   0.636   0.384   0.200   0.020
 T42 ETAB: L=1,58
 1.00000 0.98827 0.96765 0.95182 0.93194 0.90788 0.87966 0.84737 0.81125 0.77160
 0.72879 0.68327 0.63555 0.58617 0.53571 0.48477 0.43396 0.38389 0.33515 0.28832
 0.24393 0.20248 0.16438 0.13002 0.09967 0.07353 0.05169 0.03412 0.02068 0.01114
 0.00508 0.00182 0.00046 0.00008 0.00000 0.00000 0.00000 0.00000 0.00000 0.00000
 0.00000 0.00000 0.00000 0.00000 0.00000 0.00000 0.00000 0.00000 0.00000 0.00000
 0.00000 0.00000 0.00000 0.00000 0.00000 0.00000 0.00000 0.00000
