Wet/Dry Deposition Params (rev Prather & Neu, 1/2008)    
(i2,1x,a10,l3,f7.2,e9.1,f7.0,e9.1,f7.0,f4.0,3e9.2,9f5.1)
43 tracers    AER   WETL   TCHENA TCHENB   TCKAQA TCKAQB ION   DEPLA    DEPOC    DEPCR	   L1   L2   L3   L4   L5   L6   L7   L8   L9
01 O3          F   0.00  1.1d-02   2400  1.00d 0      0   0  2.6d-01  5.0d-02  5.0d-02  0.0  0.0  0.0  0.0  0.0  0.0  0.0  0.0  0.0 01  O3         
02 O3s         F   0.00  0.0d-00     00  1.00d 0      0   0  0.0d 00  0.0d 00  0.0d 00  0.0  0.0  0.0  0.0  0.0  0.0  0.0  0.0  0.0 02  O3s        
03 OH          F   0.00  2.5d 01   5300  1.00d 0      0   0  0.0d 00  0.0d 00  0.0d 00  0.0  0.0  0.0  0.0  0.0  0.0  0.0  0.0  0.0 03  OH         
04 HO2         F   0.00  4.0d 03   5900  1.00d 0      0   0  0.0d 00  0.0d 00  0.0d 00  0.0  0.0  0.0  0.0  0.0  0.0  0.0  0.0  0.0 04  HO2        
05 NO          F   0.00  1.9d-03   1400  1.00d 0      0   0  0.0d 00  0.0d 00  0.0d 00  0.0  0.0  0.0  0.0  0.0  0.0  0.0  0.0  0.0 05  NO         
06 NO3         F   0.00  2.0d 00   2000  1.00d 0      0   0  9.0d-02  8.0d-02  8.0d-02  0.0  0.0  0.0  0.0  0.0  0.0  0.0  0.0  0.0 06  NO3        
07 NO2         F   0.00  1.2d-02   2500  1.00d 0      0   0  9.0d-02  8.0d-02  8.0d-02  0.0  0.0  0.0  0.0  0.0  0.0  0.0  0.0  0.0 07  NO2        
08 N2O5        F   0.00  2.1d 00   3400  1.00d 0      0   0  9.0d-02  8.0d-02  8.0d-02  4.0  4.0 10.0 20.0 20.0 20.0 40.0 40.0  0.0 08  N2O5       
09 HONO        F   0.00  4.9d 01   4800  1.00d 0      0   0  0.0d 00  0.0d 00  0.0d 00  0.0  0.0  0.0  0.0  0.0  0.0  0.0  0.0  0.0 09  HONO       
10 HONO2       F   0.50  2.1d 05   8700  3.80d 2      1   1  2.0d 00  1.0d 00  1.0d 00  2.0  2.0  5.0 10.0 10.0 10.0 20.0 20.0  0.0 10  HONO2      
11 HO2NO2      F   0.00  1.2d 04   6900  1.00d 0      0   0  9.0d-02  8.0d-02  8.0d-02  4.0  4.0 10.0 20.0 20.0 20.0 40.0 40.0  0.0 11  HO2NO2     
12 H2O2        F   0.50  1.0d 05   6300  1.00d 0      1   0  9.0d-01  1.0d 00  1.0d 00  4.0  4.0 10.0 20.0 20.0 20.0 40.0 40.0  0.0 12  H2O2       
13 CH4         F   0.00  1.4d-03   1600  1.00d 0      0   0  1.6d-04  1.6d-04  1.6d-04  0.0  0.0  0.0  0.0  0.0  0.0  0.0  0.0  0.0 13  CH4        
14 MeOO        F   0.00  2.0d 03   6600  1.00d 0      0   0  0.0d 00  0.0d 00  0.0d 00  0.0  0.0  0.0  0.0  0.0  0.0  0.0  0.0  0.0 14  MeOO       
15 MeOOH       F   0.00  3.0d 02   5300  1.00d 0      0   0  1.8d-01  3.5d-01  3.5d-01  8.0  8.0 20.0 40.0 40.0 40.0 80.0 80.0  0.0 15  MeOOH      
16 HCHO        F   0.00  3.2d 03      0  1.97d 0      0   0  3.6d-01  9.0d-01  9.0d-01  4.0  4.0 10.0 20.0 20.0 20.0 40.0 40.0  0.0 16  HCHO       
17 CO          F   0.00  9.5d-04   1300  1.00d 0      0   0  2.0d-02  0.0d 00  0.0d 00  0.0  0.0  0.0  0.0  0.0  0.0  0.0  0.0  0.0 17  CO         
18 O2          F   0.00  1.3d-03   1500  1.00d 0      0   0  0.0d 00  0.0d 00  0.0d 00  0.0  0.0  0.0  0.0  0.0  0.0  0.0  0.0  0.0 18  O2         
19 N2          F   0.00  6.1d-04   1300  1.00d 0      0   0  0.0d 00  0.0d 00  0.0d 00  0.0  0.0  0.0  0.0  0.0  0.0  0.0  0.0  0.0 19  N2         
20 C2H6        F   0.00  1.9d-03   2300  1.00d 0      0   0  0.0d 00  0.0d 00  0.0d 00  0.0  0.0  0.0  0.0  0.0  0.0  0.0  0.0  0.0 20  C2H6       
21 EtOO        F   0.00  2.2d 03   7200  1.00d 0      0   0  0.0d 00  0.0d 00  0.0d 00  8.0  8.0 20.0 40.0 40.0 40.0 80.0 80.0  0.0 21  EtOO       
22 EtOOH       F   0.00  3.4d 02   6000  1.00d 0      0   0  1.4d-01  4.0d-01  4.0d-01  8.0  8.0 20.0 40.0 40.0 40.0 80.0 80.0  0.0 22  EtOOH      
23 MeCHO       F   0.00  1.4d 01   5600  1.00d 0      0   0  7.0d-02  3.0d-02  3.0d-02  0.0  0.0  0.0  0.0  0.0  0.0  0.0  0.0  0.0 23  MeCHO      
24 MeCO3       F   0.00  1.0d-01      0  1.00d 0      0   0  0.0d 00  0.0d 00  0.0d 00  0.0  0.0  0.0  0.0  0.0  0.0  0.0  0.0  0.0 24  MeCO3      
25 PAN         F   0.00  2.9d 00   5900  1.00d 0      0   0  1.0d-01  2.0d-02  2.0d-02  0.0  0.0  0.0  0.0  0.0  0.0  0.0  0.0  0.0 25  PAN        
26 Alkane      F   0.00  1.2d-03   3100  1.00d 0      0   0  0.0d 00  0.0d 00  0.0d 00  0.0  0.0  0.0  0.0  0.0  0.0  0.0  0.0  0.0 26  Alkane     
27 ROHOO       F   0.00  0.0d 00      0  1.00d 0      0   0  6.4d-01  1.0d 00  1.0d 00  0.0  0.0  0.0  0.0  0.0  0.0  0.0  0.0  0.0 27  ROHOO      
28 Alkene      F   0.00  7.4d-03   3400  1.00d 0      0   0  0.0d 00  0.0d 00  0.0d 00  0.0  0.0  0.0  0.0  0.0  0.0  0.0  0.0  0.0 28  Alkene     
29 Aromatic    F   0.00  1.5d-01   4000  1.00d 0      0   0  0.0d 00  0.0d 00  0.0d 00  0.0  0.0  0.0  0.0  0.0  0.0  0.0  0.0  0.0 29  Aromatic   
30 Isoprene    F   0.00  1.3d-02      0  1.00d 0      0   0  0.0d 00  0.0d 00  0.0d 00  0.0  0.0  0.0  0.0  0.0  0.0  0.0  0.0  0.0 30  Isoprene   
31 MVKMACR     F   0.00  2.1d 01   7800  1.00d 0      0   0  7.0d-02  5.0d-02  5.0d-02  0.0  0.0  0.0  0.0  0.0  0.0  0.0  0.0  0.0 31  MVKMACR    
32 H2S         F   0.00  8.7d-02   2100  1.00d 0      0   0  0.0d 00  0.0d 00  0.0d 00  0.0  0.0  0.0  0.0  0.0  0.0  0.0  0.0  0.0 32  H2S        
33 Me2S        F   0.00  5.6d-01   3500  1.00d 0      0   0  0.0d 00  0.0d 00  0.0d 00  0.0  0.0  0.0  0.0  0.0  0.0  0.0  0.0  0.0 33  Me2S       
34 Me2SO       F   0.00  5.0d 04      0  1.00d 0      0   0  0.0d 00  0.0d 00  0.0d 00  0.0  0.0  0.0  0.0  0.0  0.0  0.0  0.0  0.0 34  Me2SO      
35 Me2SO2      F   0.00  5.0d 04      0  1.00d 0      0   0  0.0d 00  0.0d 00  0.0d 00  0.0  0.0  0.0  0.0  0.0  0.0  0.0  0.0  0.0 35  Me2SO2     
36 MeSO3H      T   0.00  1.0d 08      0  1.00d 0      0   0  0.0d 00  0.0d 00  0.0d 00  0.0  0.0  0.0  0.0  0.0  0.0  0.0  0.0  0.0 36  MeSO3H     
37 SO2         F   0.00  1.2d 00   3200  1.00d 0      0   0  0.0d 00  0.0d 00  0.0d 00  0.0  0.0  0.0  0.0  0.0  0.0  0.0  0.0  0.0 37  SO2        
38 SO3         F   0.00  1.0d 08      0  1.00d 0      0   0  0.0d 00  0.0d 00  0.0d 00  0.0  0.0  0.0  0.0  0.0  0.0  0.0  0.0  0.0 38  SO3        
39 H2SO4       T   0.00  1.0d 08      0  1.00d 0      1   1  0.0d 00  0.0d 00  0.0d 00  0.0  0.0  0.0  0.0  0.0  0.0  0.0  0.0  0.0 39  H2SO4      
40 SF6         F   0.00  2.4d-04   2400  1.00d 0      0   0  0.0d 00  0.0d 00  0.0d 00  0.0  0.0  0.0  0.0  0.0  0.0  0.0  0.0  0.0 40  SF6        
41 Rn          F   0.00  9.3d-03   2600  1.00d 0      0   0  0.0d 00  0.0d 00  0.0d 00  0.0  0.0  0.0  0.0  0.0  0.0  0.0  0.0  0.0 41  Rn         
42 Pb          T   0.00        0      0  1.00d 0      0   0  0.0d 00  0.0d 00  0.0d 00  4.0  4.0 10.0 20.0 20.0 20.0 40.0 40.0  0.0 42  Pb         
43 CO2         F   0.00        0      0  1.00d 0      0   0  0.0d 00  0.0d 00  0.0d 00  0.0  0.0  0.0  0.0  0.0  0.0  0.0  0.0  0.0 43  CO2        
43 tracer     AER   WETL   TCHENA TCHENB   TCKAQA TCKAQB ION   DEPLA    DEPOC    DEPCR	   L1   L2   L3   L4   L5   L6   L7   L8   L9

