1990 01   0.90934253
1990 02   0.89117464
1990 03   0.82969880
1990 04   0.79877412
1990 05   0.81083178
1990 06   0.80995068
1990 07   0.80340947
1990 08   0.80245176
1990 09   0.81699947
1990 10   0.87294929
1990 11   0.93261505
1990 12   0.93963511
1991 01   0.96013025
1991 02   0.96808888
1991 03   0.98969497
1991 04   0.99646602
1991 05   0.97822152
1991 06   0.91845041
1991 07   0.89100225
1991 08   0.86534502
1991 09   0.89757219
1991 10   0.90788680
1991 11   0.92714648
1991 12   0.88977637
1992 01   0.86862041
1992 02   0.79588182
1992 03   0.74294881
1992 04   0.65505914
1992 05   0.56356845
1992 06   0.45317244
1992 07   0.41523727
1992 08   0.40252837
1992 09   0.41563952
1992 10   0.41974812
1992 11   0.42972753
1992 12   0.44348034
1993 01   0.44256093
1993 02   0.42404827
1993 03   0.38965666
1993 04   0.35128095
1993 05   0.32508739
1993 06   0.27187665
1993 07   0.23728392
1993 08   0.21819662
1993 09   0.21096586
1993 10   0.21639611
1993 11   0.21694201
1993 12   0.21383901
1994 01   0.20625389
1994 02   0.18671647
1994 03   0.16888378
1994 04   0.14563042
1994 05   0.10839439
1994 06   0.08876119
1994 07   0.08616578
1994 08   0.08787052
1994 09   0.09190250
1994 10   0.09698798
1994 11   0.10177656
1994 12   0.11028109
1995 01   0.10891155
1995 02   0.09715079
1995 03   0.09213236
1995 04   0.08230618
1995 05   0.07382081
1995 06   0.06080544
1995 07   0.05400565
1995 08   0.05072068
1995 09   0.04797203
1995 10   0.04688981
1995 11   0.04495523
1995 12   0.04200546
1996 01   0.03960159
1996 02   0.03216013
1996 03   0.02800364
1996 04   0.02685438
1996 05   0.02490064
1996 06   0.02262127
1996 07   0.02124216
1996 08   0.03047455
1996 09   0.03579945
1996 10   0.03937174
1996 11   0.04157449
1996 12   0.04232151
1997 01   0.04721544
1997 02   0.05249246
1997 03   0.04563521
1997 04   0.04138294
1997 05   0.04665039
1997 06   0.06811282
1997 07   0.07936599
1997 08   0.10274386
1997 09   0.12400517
1997 10   0.14392568
1997 11   0.16498587
1997 12   0.19371738
1998 01   0.21113825
1998 02   0.23234210
1998 03   0.24152660
1998 04   0.25775990
1998 05   0.30292582
1998 06   0.34581238
1998 07   0.35407748
1998 08   0.37866207
1998 09   0.41987262
1998 10   0.45164967
1998 11   0.47945219
1998 12   0.46239525
1999 01   0.44255136
1999 02   0.47199157
1999 03   0.50076138
1999 04   0.51464828
1999 05   0.54164632
1999 06   0.53480822
1999 07   0.57626778
1999 08   0.64774218
1999 09   0.66873533
1999 10   0.65796102
1999 11   0.66568980
1999 12   0.70293540
2000 01   0.74926974
2000 02   0.77388306
2000 03   0.76278313
2000 04   0.79641814
2000 05   0.80105349
2000 06   0.81064981
2000 07   0.77175693
2000 08   0.76838577
2000 09   0.75180769
2000 10   0.73951061
2000 11   0.68321601
2000 12   0.69717952
2001 01   0.70645980
2001 02   0.68664464
2001 03   0.68039075
2001 04   0.64015707
2001 05   0.63953455
2001 06   0.72320069
2001 07   0.75423071
2001 08   0.77540583
2001 09   0.86508643
2001 10   0.91633386
2001 11   0.98673562
2001 12   1.00000000
2002 01   0.95794666
2002 02   0.92818082
2002 03   0.86574726
2002 04   0.80401283
2002 05   0.76186372
2002 06   0.73418570
2002 07   0.72190777
2002 08   0.70198726
2002 09   0.68094622
2002 10   0.67553512
2002 11   0.62564766
2002 12   0.57649763
2003 01   0.52881291
2003 02   0.48607959
2003 03   0.45115165
2003 04   0.42293732
2003 05   0.40228894
2003 06   0.39085380
2003 07   0.41421252
2003 08   0.43560791
2003 09   0.42815687
2003 10   0.40996025
2003 11   0.38982905
2003 12   0.38034765
2004 01   0.36924771
2004 02   0.31498348
2004 03   0.26531629
2004 04   0.26986544
2004 05   0.26587176
2004 06   0.26341043
2004 07   0.25735766
2004 08   0.27148398
2004 09   0.26691567
2004 10   0.27250874
2004 11   0.25054829
2004 12   0.23169085
2005 01   0.21395393
2005 02   0.20983575
2005 03   0.18901499
2005 04   0.19417708
2005 05   0.18975243
2005 06   0.20148446
2005 07   0.18871810
2005 08   0.18915865
2005 09   0.17881530
2005 10   0.16850069
2005 11   0.14540057
2005 12   0.12362208
2006 01   0.10419959
2006 02   0.10814538
2006 03   0.09885553
2006 04   0.08451851
2006 05   0.08094622
2006 06   0.08238280
2006 07   0.08135804
2006 08   0.07863813
2006 09   0.08779390
2006 10   0.09457453
2006 11   0.09626969
2006 12   0.08923047
2007 01   0.08380980
2007 02   0.08374276
2007 03   0.07190538
2007 04   0.05379495
2007 05   0.03968778
2007 06   0.02946895
2007 07   0.02511133
2007 08   0.02226692
2007 09   0.02595413
2007 10   0.02590624
2007 11   0.02547527
2007 12   0.02926783
2008 01   0.03230379
2008 02   0.03290715
2008 03   0.02951683
2008 04   0.01750706
2008 05   0.00998899
2008 06   0.00612939
2008 07   0.00155150
2008 08   0.00000000
2008 09   0.00069913
2008 10   0.00438634
2008 11   0.00838960
2008 12   0.01119571
2009 01   0.01369535
2009 02   0.01574486
2009 03   0.01578317
2009 04   0.01495954
2009 05   0.01271848
2009 06   0.01316861
2009 07   0.01608007
2009 08   0.01995882
2009 09   0.02617440
2009 10   0.03837571
2009 11   0.05422593
2009 12   0.06916631
2010 01   0.07433798
2010 02   0.07576498
2010 03   0.07453910
2010 04   0.07718240
2010 05   0.07512331
2010 06   0.07149356
2010 07   0.07001868
2010 08   0.07656946
2010 09   0.08668295
2010 10   0.09722741
2010 11   0.11154528
2010 12   0.15473830
2011 01   0.18528947
2011 02   0.19894651
2011 03   0.21168414
2011 04   0.22140497
2011 05   0.23885457
2011 06   0.27785280
2011 07   0.29043720
2011 08   0.32936839
2011 09   0.37321266
2011 10   0.41049658
2011 11   0.42248719
2011 12   0.43599100
2012 01   0.41491165
2012 02   0.39958818
2012 03   0.36788776
2012 04   0.36439209
2012 05   0.34626251
2012 06   0.36210315
2012 07   0.36915194
2012 08   0.37670833
2012 09   0.36412393
2012 10   0.37028205
2012 11   0.33829431
2012 12   0.33398458
2013 01   0.33546904
2013 02   0.34347555
2013 03   0.33350572
2013 04   0.34046832
2013 05   0.32904276
2013 06   0.32752957
2013 07   0.34812048
2013 08   0.37094287
2013 09   0.38690801
2013 10   0.43666140
2013 11   0.48895274
2013 12   0.52304745
2014 01   0.56241919
2014 02   0.55978547
2014 03   0.53449217
2014 04   0.52472346
2014 05   0.48820572
2014 06   0.46564191
2014 07   0.46994206
2014 08   0.48124312
2014 09   0.50893071
2014 10   0.52773069
2014 11   0.51913039
2014 12   0.52136187
2015 01   0.50458267
2015 02   0.47112005
2015 03   0.44507015
2015 04   0.39524972
2015 05   0.36070488
2015 06   0.33491357
2015 07   0.31299143
2015 08   0.29444045
2015 09   0.28724800
2015 10   0.26340085
2015 11   0.26024996
2015 12   0.24636307
2016 01   0.23818417
2016 02   0.22799406
2016 03   0.20143658
2016 04   0.17631566
2016 05   0.15860748
2016 06   0.14303500
2016 07   0.13797826
2016 08   0.12373701
2016 09   0.10643107
2016 10   0.10204473
2016 11   0.09308050
2016 12   0.08306278
2017 01   0.07679931
2017 02   0.06477996
2017 03   0.06118853
2017 04   0.06338170
2017 05   0.06422449
2017 06   0.08198056
2017 07   0.08360868
2017 08   0.07534358
